"thres","X1","X2","X3","X1.1","X2.1","X3.1"
"1",2,0.91,0.81,0.97,0.22,0.2,0.24
"2",2.19,0.91,0.81,0.97,0.21,0.19,0.23
"3",2.37,0.91,0.81,0.97,0.2,0.19,0.23
"4",2.56,0.91,0.81,0.97,0.2,0.18,0.22
"5",2.74,0.91,0.8,0.97,0.19,0.18,0.21
"6",2.93,0.91,0.8,0.97,0.19,0.17,0.21
"7",3.11,0.91,0.8,0.97,0.18,0.17,0.2
"8",3.3,0.9,0.8,0.97,0.18,0.17,0.2
"9",3.48,0.9,0.8,0.97,0.18,0.16,0.19
"10",3.67,0.9,0.8,0.97,0.17,0.16,0.19
"11",3.85,0.9,0.8,0.97,0.17,0.16,0.19
"12",4.04,0.9,0.8,0.96,0.17,0.15,0.18
"13",4.22,0.9,0.8,0.96,0.16,0.15,0.18
"14",4.41,0.9,0.8,0.96,0.16,0.15,0.18
"15",4.59,0.9,0.8,0.96,0.16,0.15,0.17
"16",4.78,0.9,0.79,0.96,0.16,0.14,0.17
"17",4.96,0.9,0.79,0.96,0.15,0.14,0.17
"18",5.15,0.9,0.79,0.96,0.15,0.14,0.16
"19",5.33,0.9,0.79,0.96,0.15,0.14,0.16
"20",5.52,0.89,0.79,0.96,0.15,0.14,0.16
"21",5.7,0.89,0.79,0.96,0.15,0.14,0.16
"22",5.89,0.89,0.79,0.96,0.14,0.13,0.16
"23",6.08,0.89,0.79,0.96,0.14,0.13,0.15
"24",6.26,0.89,0.79,0.96,0.14,0.13,0.15
"25",6.45,0.89,0.79,0.96,0.14,0.13,0.15
"26",6.63,0.89,0.79,0.96,0.14,0.13,0.15
"27",6.82,0.89,0.79,0.96,0.14,0.13,0.15
"28",7,0.89,0.79,0.96,0.13,0.12,0.15
"29",7.19,0.89,0.79,0.96,0.13,0.12,0.14
"30",7.37,0.89,0.79,0.96,0.13,0.12,0.14
"31",7.56,0.89,0.79,0.96,0.13,0.12,0.14
"32",7.74,0.89,0.78,0.95,0.13,0.12,0.14
"33",7.93,0.89,0.78,0.95,0.13,0.12,0.14
"34",8.11,0.89,0.78,0.95,0.13,0.12,0.14
"35",8.3,0.89,0.78,0.95,0.13,0.12,0.14
"36",8.48,0.89,0.78,0.95,0.12,0.12,0.14
"37",8.67,0.88,0.78,0.95,0.12,0.11,0.13
"38",8.85,0.88,0.78,0.95,0.12,0.11,0.13
"39",9.04,0.88,0.78,0.95,0.12,0.11,0.13
"40",9.22,0.88,0.78,0.95,0.12,0.11,0.13
"41",9.41,0.88,0.78,0.95,0.12,0.11,0.13
"42",9.59,0.88,0.78,0.95,0.12,0.11,0.13
"43",9.78,0.88,0.78,0.95,0.12,0.11,0.13
"44",9.96,0.88,0.78,0.95,0.12,0.11,0.13
"45",10.15,0.88,0.78,0.95,0.12,0.11,0.13
"46",10.34,0.88,0.78,0.95,0.12,0.11,0.12
"47",10.52,0.88,0.78,0.95,0.11,0.11,0.12
"48",10.71,0.88,0.78,0.95,0.11,0.1,0.12
"49",10.89,0.88,0.78,0.95,0.11,0.1,0.12
"50",11.08,0.88,0.77,0.95,0.11,0.1,0.12
"51",11.26,0.88,0.77,0.95,0.11,0.1,0.12
"52",11.45,0.88,0.77,0.95,0.11,0.1,0.12
"53",11.63,0.88,0.77,0.95,0.11,0.1,0.12
"54",11.82,0.88,0.77,0.95,0.11,0.1,0.12
"55",12,0.88,0.77,0.95,0.11,0.1,0.12
"56",12.19,0.88,0.77,0.95,0.11,0.1,0.12
"57",12.37,0.88,0.77,0.95,0.11,0.1,0.12
"58",12.56,0.88,0.77,0.95,0.11,0.1,0.12
"59",12.74,0.88,0.77,0.95,0.11,0.1,0.12
"60",12.93,0.88,0.77,0.95,0.1,0.1,0.11
"61",13.11,0.88,0.77,0.95,0.1,0.1,0.11
"62",13.3,0.87,0.77,0.95,0.1,0.09,0.11
"63",13.48,0.87,0.77,0.95,0.1,0.09,0.11
"64",13.67,0.87,0.77,0.94,0.1,0.09,0.11
"65",13.85,0.87,0.77,0.94,0.1,0.09,0.11
"66",14.04,0.87,0.77,0.94,0.1,0.09,0.11
"67",14.23,0.87,0.77,0.94,0.1,0.09,0.11
"68",14.41,0.87,0.77,0.94,0.1,0.09,0.11
"69",14.6,0.87,0.77,0.94,0.1,0.09,0.11
"70",14.78,0.87,0.77,0.94,0.1,0.09,0.11
"71",14.97,0.87,0.77,0.94,0.1,0.09,0.11
"72",15.15,0.87,0.77,0.94,0.1,0.09,0.11
"73",15.34,0.87,0.77,0.94,0.1,0.09,0.11
"74",15.52,0.87,0.77,0.94,0.1,0.09,0.11
"75",15.71,0.87,0.76,0.94,0.1,0.09,0.11
"76",15.89,0.87,0.76,0.94,0.1,0.09,0.11
"77",16.08,0.87,0.76,0.94,0.1,0.09,0.11
"78",16.26,0.87,0.76,0.94,0.1,0.09,0.1
"79",16.45,0.87,0.76,0.94,0.09,0.09,0.1
"80",16.63,0.87,0.76,0.94,0.09,0.09,0.1
"81",16.82,0.87,0.76,0.94,0.09,0.09,0.1
"82",17,0.87,0.76,0.94,0.09,0.08,0.1
"83",17.19,0.87,0.76,0.94,0.09,0.08,0.1
"84",17.37,0.87,0.76,0.94,0.09,0.08,0.1
"85",17.56,0.87,0.76,0.94,0.09,0.08,0.1
"86",17.74,0.87,0.76,0.94,0.09,0.08,0.1
"87",17.93,0.87,0.76,0.94,0.09,0.08,0.1
"88",18.12,0.87,0.76,0.94,0.09,0.08,0.1
"89",18.3,0.87,0.76,0.94,0.09,0.08,0.1
"90",18.49,0.87,0.76,0.94,0.09,0.08,0.1
"91",18.67,0.87,0.76,0.94,0.09,0.08,0.1
"92",18.86,0.87,0.76,0.94,0.09,0.08,0.1
"93",19.04,0.87,0.76,0.94,0.09,0.08,0.1
"94",19.23,0.87,0.76,0.94,0.09,0.08,0.1
"95",19.41,0.87,0.76,0.94,0.09,0.08,0.1
"96",19.6,0.86,0.76,0.94,0.09,0.08,0.1
"97",19.78,0.86,0.76,0.94,0.09,0.08,0.1
"98",19.97,0.86,0.76,0.94,0.09,0.08,0.1
"99",20.15,0.86,0.76,0.94,0.09,0.08,0.1
"100",20.34,0.86,0.76,0.94,0.09,0.08,0.1
"101",20.52,0.86,0.76,0.94,0.09,0.08,0.1
"102",20.71,0.86,0.76,0.94,0.09,0.08,0.1
"103",20.89,0.86,0.76,0.94,0.09,0.08,0.1
"104",21.08,0.86,0.76,0.94,0.09,0.08,0.09
"105",21.26,0.86,0.75,0.94,0.09,0.08,0.09
"106",21.45,0.86,0.75,0.94,0.08,0.08,0.09
"107",21.63,0.86,0.75,0.94,0.08,0.08,0.09
"108",21.82,0.86,0.75,0.94,0.08,0.08,0.09
"109",22.01,0.86,0.75,0.94,0.08,0.08,0.09
"110",22.19,0.86,0.75,0.94,0.08,0.07,0.09
"111",22.38,0.86,0.75,0.94,0.08,0.07,0.09
"112",22.56,0.86,0.75,0.94,0.08,0.07,0.09
"113",22.75,0.86,0.75,0.94,0.08,0.07,0.09
"114",22.93,0.86,0.75,0.94,0.08,0.07,0.09
"115",23.12,0.86,0.75,0.94,0.08,0.07,0.09
"116",23.3,0.86,0.75,0.94,0.08,0.07,0.09
"117",23.49,0.86,0.75,0.94,0.08,0.07,0.09
"118",23.67,0.86,0.75,0.94,0.08,0.07,0.09
"119",23.86,0.86,0.75,0.94,0.08,0.07,0.09
"120",24.04,0.86,0.75,0.94,0.08,0.07,0.09
"121",24.23,0.86,0.75,0.93,0.08,0.07,0.09
"122",24.41,0.86,0.75,0.93,0.08,0.07,0.09
"123",24.6,0.86,0.75,0.93,0.08,0.07,0.09
"124",24.78,0.86,0.75,0.93,0.08,0.07,0.09
"125",24.97,0.86,0.75,0.93,0.08,0.07,0.09
"126",25.15,0.86,0.75,0.93,0.08,0.07,0.09
"127",25.34,0.86,0.75,0.93,0.08,0.07,0.09
"128",25.52,0.86,0.75,0.93,0.08,0.07,0.09
"129",25.71,0.86,0.75,0.93,0.08,0.07,0.09
"130",25.89,0.86,0.75,0.93,0.08,0.07,0.09
"131",26.08,0.86,0.75,0.93,0.08,0.07,0.09
"132",26.27,0.86,0.75,0.93,0.08,0.07,0.09
"133",26.45,0.86,0.75,0.93,0.08,0.07,0.09
"134",26.64,0.86,0.75,0.93,0.08,0.07,0.09
"135",26.82,0.86,0.75,0.93,0.08,0.07,0.09
"136",27.01,0.86,0.75,0.93,0.08,0.07,0.09
"137",27.19,0.86,0.75,0.93,0.08,0.07,0.09
"138",27.38,0.86,0.75,0.93,0.08,0.07,0.09
"139",27.56,0.86,0.75,0.93,0.08,0.07,0.09
"140",27.75,0.86,0.74,0.93,0.08,0.07,0.09
"141",27.93,0.86,0.74,0.93,0.08,0.07,0.09
"142",28.12,0.85,0.74,0.93,0.08,0.07,0.09
"143",28.3,0.85,0.74,0.93,0.08,0.07,0.08
"144",28.49,0.85,0.74,0.93,0.08,0.07,0.08
"145",28.67,0.85,0.74,0.93,0.08,0.07,0.08
"146",28.86,0.85,0.74,0.93,0.07,0.07,0.08
"147",29.04,0.85,0.74,0.93,0.07,0.07,0.08
"148",29.23,0.85,0.74,0.93,0.07,0.07,0.08
"149",29.41,0.85,0.74,0.93,0.07,0.07,0.08
"150",29.6,0.85,0.74,0.93,0.07,0.07,0.08
"151",29.78,0.85,0.74,0.93,0.07,0.06,0.08
"152",29.97,0.85,0.74,0.93,0.07,0.06,0.08
"153",30.16,0.85,0.74,0.93,0.07,0.06,0.08
"154",30.34,0.85,0.74,0.93,0.07,0.06,0.08
"155",30.53,0.85,0.74,0.93,0.07,0.06,0.08
"156",30.71,0.85,0.74,0.93,0.07,0.06,0.08
"157",30.9,0.85,0.74,0.93,0.07,0.06,0.08
"158",31.08,0.85,0.74,0.93,0.07,0.06,0.08
"159",31.27,0.85,0.74,0.93,0.07,0.06,0.08
"160",31.45,0.85,0.74,0.93,0.07,0.06,0.08
"161",31.64,0.85,0.74,0.93,0.07,0.06,0.08
"162",31.82,0.85,0.74,0.93,0.07,0.06,0.08
"163",32.01,0.85,0.74,0.93,0.07,0.06,0.08
"164",32.19,0.85,0.74,0.93,0.07,0.06,0.08
"165",32.38,0.85,0.74,0.93,0.07,0.06,0.08
"166",32.56,0.85,0.74,0.93,0.07,0.06,0.08
"167",32.75,0.85,0.74,0.93,0.07,0.06,0.08
"168",32.93,0.85,0.74,0.93,0.07,0.06,0.08
"169",33.12,0.85,0.74,0.93,0.07,0.06,0.08
"170",33.3,0.85,0.74,0.93,0.07,0.06,0.08
"171",33.49,0.85,0.74,0.93,0.07,0.06,0.08
"172",33.67,0.85,0.74,0.93,0.07,0.06,0.08
"173",33.86,0.85,0.74,0.93,0.07,0.06,0.08
"174",34.05,0.85,0.74,0.93,0.07,0.06,0.08
"175",34.23,0.85,0.74,0.93,0.07,0.06,0.08
"176",34.42,0.85,0.74,0.93,0.07,0.06,0.08
"177",34.6,0.85,0.74,0.93,0.07,0.06,0.08
"178",34.79,0.85,0.74,0.93,0.07,0.06,0.08
"179",34.97,0.85,0.74,0.93,0.07,0.06,0.08
"180",35.16,0.85,0.73,0.93,0.07,0.06,0.08
"181",35.34,0.85,0.73,0.93,0.07,0.06,0.08
"182",35.53,0.85,0.73,0.93,0.07,0.06,0.08
"183",35.71,0.85,0.73,0.93,0.07,0.06,0.08
"184",35.9,0.85,0.73,0.93,0.07,0.06,0.08
"185",36.08,0.85,0.73,0.93,0.07,0.06,0.08
"186",36.27,0.85,0.73,0.93,0.07,0.06,0.08
"187",36.45,0.85,0.73,0.93,0.07,0.06,0.08
"188",36.64,0.85,0.73,0.93,0.07,0.06,0.08
"189",36.82,0.85,0.73,0.93,0.07,0.06,0.08
"190",37.01,0.85,0.73,0.93,0.07,0.06,0.08
"191",37.19,0.85,0.73,0.93,0.07,0.06,0.08
"192",37.38,0.85,0.73,0.93,0.07,0.06,0.08
"193",37.56,0.85,0.73,0.93,0.07,0.06,0.08
"194",37.75,0.85,0.73,0.93,0.07,0.06,0.08
"195",37.93,0.85,0.73,0.93,0.07,0.06,0.08
"196",38.12,0.85,0.73,0.93,0.07,0.06,0.08
"197",38.31,0.85,0.73,0.93,0.07,0.06,0.08
"198",38.49,0.85,0.73,0.93,0.07,0.06,0.08
"199",38.68,0.85,0.73,0.93,0.07,0.06,0.08
"200",38.86,0.85,0.73,0.93,0.07,0.06,0.08
"201",39.05,0.85,0.73,0.93,0.07,0.06,0.08
"202",39.23,0.85,0.73,0.93,0.07,0.06,0.08
"203",39.42,0.84,0.73,0.93,0.07,0.06,0.07
"204",39.6,0.84,0.73,0.93,0.07,0.06,0.07
"205",39.79,0.84,0.73,0.93,0.07,0.06,0.07
"206",39.97,0.84,0.73,0.93,0.07,0.06,0.07
"207",40.16,0.84,0.73,0.93,0.06,0.06,0.07
"208",40.34,0.84,0.73,0.93,0.06,0.06,0.07
"209",40.53,0.84,0.73,0.93,0.06,0.06,0.07
"210",40.71,0.84,0.73,0.93,0.06,0.06,0.07
"211",40.9,0.84,0.73,0.93,0.06,0.06,0.07
"212",41.08,0.84,0.73,0.93,0.06,0.06,0.07
"213",41.27,0.84,0.73,0.93,0.06,0.06,0.07
"214",41.45,0.84,0.73,0.93,0.06,0.06,0.07
"215",41.64,0.84,0.73,0.93,0.06,0.06,0.07
"216",41.82,0.84,0.73,0.93,0.06,0.05,0.07
"217",42.01,0.84,0.73,0.93,0.06,0.05,0.07
"218",42.2,0.84,0.73,0.93,0.06,0.05,0.07
"219",42.38,0.84,0.73,0.93,0.06,0.05,0.07
"220",42.57,0.84,0.73,0.93,0.06,0.05,0.07
"221",42.75,0.84,0.73,0.93,0.06,0.05,0.07
"222",42.94,0.84,0.73,0.93,0.06,0.05,0.07
"223",43.12,0.84,0.73,0.93,0.06,0.05,0.07
"224",43.31,0.84,0.73,0.93,0.06,0.05,0.07
"225",43.49,0.84,0.72,0.93,0.06,0.05,0.07
"226",43.68,0.84,0.72,0.93,0.06,0.05,0.07
"227",43.86,0.84,0.72,0.93,0.06,0.05,0.07
"228",44.05,0.84,0.72,0.93,0.06,0.05,0.07
"229",44.23,0.84,0.72,0.93,0.06,0.05,0.07
"230",44.42,0.84,0.72,0.92,0.06,0.05,0.07
"231",44.6,0.84,0.72,0.92,0.06,0.05,0.07
"232",44.79,0.84,0.72,0.92,0.06,0.05,0.07
"233",44.97,0.84,0.72,0.92,0.06,0.05,0.07
"234",45.16,0.84,0.72,0.92,0.06,0.05,0.07
"235",45.34,0.84,0.72,0.92,0.06,0.05,0.07
"236",45.53,0.84,0.72,0.92,0.06,0.05,0.07
"237",45.71,0.84,0.72,0.92,0.06,0.05,0.07
"238",45.9,0.84,0.72,0.92,0.06,0.05,0.07
"239",46.09,0.84,0.72,0.92,0.06,0.05,0.07
"240",46.27,0.84,0.72,0.92,0.06,0.05,0.07
"241",46.46,0.84,0.72,0.92,0.06,0.05,0.07
"242",46.64,0.84,0.72,0.92,0.06,0.05,0.07
"243",46.83,0.84,0.72,0.92,0.06,0.05,0.07
"244",47.01,0.84,0.72,0.92,0.06,0.05,0.07
"245",47.2,0.84,0.72,0.92,0.06,0.05,0.07
"246",47.38,0.84,0.72,0.92,0.06,0.05,0.07
"247",47.57,0.84,0.72,0.92,0.06,0.05,0.07
"248",47.75,0.84,0.72,0.92,0.06,0.05,0.07
"249",47.94,0.84,0.72,0.92,0.06,0.05,0.07
"250",48.12,0.84,0.72,0.92,0.06,0.05,0.07
"251",48.31,0.84,0.72,0.92,0.06,0.05,0.07
"252",48.49,0.84,0.72,0.92,0.06,0.05,0.07
"253",48.68,0.84,0.72,0.92,0.06,0.05,0.07
"254",48.86,0.84,0.72,0.92,0.06,0.05,0.07
"255",49.05,0.84,0.72,0.92,0.06,0.05,0.07
"256",49.23,0.84,0.72,0.92,0.06,0.05,0.07
"257",49.42,0.84,0.72,0.92,0.06,0.05,0.07
"258",49.6,0.84,0.72,0.92,0.06,0.05,0.07
"259",49.79,0.84,0.72,0.92,0.06,0.05,0.07
"260",49.97,0.84,0.72,0.92,0.06,0.05,0.07
"261",50.16,0.84,0.72,0.92,0.06,0.05,0.07
"262",50.35,0.84,0.72,0.92,0.06,0.05,0.07
"263",50.53,0.84,0.72,0.92,0.06,0.05,0.07
"264",50.72,0.84,0.72,0.92,0.06,0.05,0.07
"265",50.9,0.84,0.72,0.92,0.06,0.05,0.07
"266",51.09,0.84,0.72,0.92,0.06,0.05,0.07
"267",51.27,0.84,0.72,0.92,0.06,0.05,0.07
"268",51.46,0.84,0.72,0.92,0.06,0.05,0.07
"269",51.64,0.84,0.72,0.92,0.06,0.05,0.07
"270",51.83,0.84,0.72,0.92,0.06,0.05,0.07
"271",52.01,0.84,0.72,0.92,0.06,0.05,0.07
"272",52.2,0.84,0.72,0.92,0.06,0.05,0.07
"273",52.38,0.84,0.72,0.92,0.06,0.05,0.07
"274",52.57,0.84,0.72,0.92,0.06,0.05,0.07
"275",52.75,0.84,0.72,0.92,0.06,0.05,0.07
"276",52.94,0.84,0.72,0.92,0.06,0.05,0.07
"277",53.12,0.84,0.72,0.92,0.06,0.05,0.07
"278",53.31,0.84,0.71,0.92,0.06,0.05,0.07
"279",53.49,0.84,0.71,0.92,0.06,0.05,0.07
"280",53.68,0.84,0.71,0.92,0.06,0.05,0.07
"281",53.86,0.84,0.71,0.92,0.06,0.05,0.07
"282",54.05,0.84,0.71,0.92,0.06,0.05,0.07
"283",54.24,0.84,0.71,0.92,0.06,0.05,0.07
"284",54.42,0.83,0.71,0.92,0.06,0.05,0.07
"285",54.61,0.83,0.71,0.92,0.06,0.05,0.07
"286",54.79,0.83,0.71,0.92,0.06,0.05,0.07
"287",54.98,0.83,0.71,0.92,0.06,0.05,0.07
"288",55.16,0.83,0.71,0.92,0.06,0.05,0.07
"289",55.35,0.83,0.71,0.92,0.06,0.05,0.07
"290",55.53,0.83,0.71,0.92,0.06,0.05,0.07
"291",55.72,0.83,0.71,0.92,0.06,0.05,0.07
"292",55.9,0.83,0.71,0.92,0.06,0.05,0.07
"293",56.09,0.83,0.71,0.92,0.06,0.05,0.07
"294",56.27,0.83,0.71,0.92,0.06,0.05,0.07
"295",56.46,0.83,0.71,0.92,0.06,0.05,0.07
"296",56.64,0.83,0.71,0.92,0.06,0.05,0.07
"297",56.83,0.83,0.71,0.92,0.06,0.05,0.07
"298",57.01,0.83,0.71,0.92,0.06,0.05,0.07
"299",57.2,0.83,0.71,0.92,0.06,0.05,0.07
"300",57.38,0.83,0.71,0.92,0.06,0.05,0.06
"301",57.57,0.83,0.71,0.92,0.06,0.05,0.06
"302",57.75,0.83,0.71,0.92,0.06,0.05,0.06
"303",57.94,0.83,0.71,0.92,0.06,0.05,0.06
"304",58.13,0.83,0.71,0.92,0.06,0.05,0.06
"305",58.31,0.83,0.71,0.92,0.06,0.05,0.06
"306",58.5,0.83,0.71,0.92,0.06,0.05,0.06
"307",58.68,0.83,0.71,0.92,0.06,0.05,0.06
"308",58.87,0.83,0.71,0.92,0.05,0.05,0.06
"309",59.05,0.83,0.71,0.92,0.05,0.05,0.06
"310",59.24,0.83,0.71,0.92,0.05,0.05,0.06
"311",59.42,0.83,0.71,0.92,0.05,0.05,0.06
"312",59.61,0.83,0.71,0.92,0.05,0.05,0.06
"313",59.79,0.83,0.71,0.92,0.05,0.05,0.06
"314",59.98,0.83,0.71,0.92,0.05,0.05,0.06
"315",60.16,0.83,0.71,0.92,0.05,0.05,0.06
"316",60.35,0.83,0.71,0.92,0.05,0.05,0.06
"317",60.53,0.83,0.71,0.92,0.05,0.05,0.06
"318",60.72,0.83,0.71,0.92,0.05,0.05,0.06
"319",60.9,0.83,0.71,0.92,0.05,0.05,0.06
"320",61.09,0.83,0.71,0.92,0.05,0.05,0.06
"321",61.27,0.83,0.71,0.92,0.05,0.05,0.06
"322",61.46,0.83,0.71,0.92,0.05,0.05,0.06
"323",61.64,0.83,0.71,0.92,0.05,0.05,0.06
"324",61.83,0.83,0.71,0.92,0.05,0.05,0.06
"325",62.02,0.83,0.71,0.92,0.05,0.05,0.06
"326",62.2,0.83,0.71,0.92,0.05,0.05,0.06
"327",62.39,0.83,0.71,0.92,0.05,0.05,0.06
"328",62.57,0.83,0.71,0.92,0.05,0.04,0.06
"329",62.76,0.83,0.71,0.92,0.05,0.04,0.06
"330",62.94,0.83,0.71,0.92,0.05,0.04,0.06
"331",63.13,0.83,0.71,0.92,0.05,0.04,0.06
"332",63.31,0.83,0.71,0.92,0.05,0.04,0.06
"333",63.5,0.83,0.7,0.92,0.05,0.04,0.06
"334",63.68,0.83,0.7,0.92,0.05,0.04,0.06
"335",63.87,0.83,0.7,0.92,0.05,0.04,0.06
"336",64.05,0.83,0.7,0.92,0.05,0.04,0.06
"337",64.24,0.83,0.7,0.92,0.05,0.04,0.06
"338",64.42,0.83,0.7,0.92,0.05,0.04,0.06
"339",64.61,0.83,0.7,0.92,0.05,0.04,0.06
"340",64.79,0.83,0.7,0.92,0.05,0.04,0.06
"341",64.98,0.83,0.7,0.92,0.05,0.04,0.06
"342",65.16,0.83,0.7,0.92,0.05,0.04,0.06
"343",65.35,0.83,0.7,0.92,0.05,0.04,0.06
"344",65.53,0.83,0.7,0.92,0.05,0.04,0.06
"345",65.72,0.83,0.7,0.92,0.05,0.04,0.06
"346",65.9,0.83,0.7,0.92,0.05,0.04,0.06
"347",66.09,0.83,0.7,0.92,0.05,0.04,0.06
"348",66.28,0.83,0.7,0.92,0.05,0.04,0.06
"349",66.46,0.83,0.7,0.92,0.05,0.04,0.06
"350",66.65,0.83,0.7,0.92,0.05,0.04,0.06
"351",66.83,0.83,0.7,0.92,0.05,0.04,0.06
"352",67.02,0.83,0.7,0.92,0.05,0.04,0.06
"353",67.2,0.83,0.7,0.92,0.05,0.04,0.06
"354",67.39,0.83,0.7,0.92,0.05,0.04,0.06
"355",67.57,0.83,0.7,0.92,0.05,0.04,0.06
"356",67.76,0.83,0.7,0.92,0.05,0.04,0.06
"357",67.94,0.83,0.7,0.92,0.05,0.04,0.06
"358",68.13,0.83,0.7,0.92,0.05,0.04,0.06
"359",68.31,0.83,0.7,0.92,0.05,0.04,0.06
"360",68.5,0.83,0.7,0.92,0.05,0.04,0.06
"361",68.68,0.83,0.7,0.92,0.05,0.04,0.06
"362",68.87,0.83,0.7,0.92,0.05,0.04,0.06
"363",69.05,0.83,0.7,0.92,0.05,0.04,0.06
"364",69.24,0.83,0.7,0.92,0.05,0.04,0.06
"365",69.42,0.83,0.7,0.92,0.05,0.04,0.06
"366",69.61,0.83,0.7,0.92,0.05,0.04,0.06
"367",69.79,0.83,0.7,0.92,0.05,0.04,0.06
"368",69.98,0.83,0.7,0.92,0.05,0.04,0.06
"369",70.17,0.83,0.7,0.92,0.05,0.04,0.06
"370",70.35,0.83,0.7,0.92,0.05,0.04,0.06
"371",70.54,0.83,0.7,0.92,0.05,0.04,0.06
"372",70.72,0.83,0.7,0.92,0.05,0.04,0.06
"373",70.91,0.83,0.7,0.92,0.05,0.04,0.06
"374",71.09,0.83,0.7,0.92,0.05,0.04,0.06
"375",71.28,0.83,0.7,0.92,0.05,0.04,0.06
"376",71.46,0.83,0.7,0.92,0.05,0.04,0.06
"377",71.65,0.83,0.7,0.92,0.05,0.04,0.06
"378",71.83,0.83,0.7,0.92,0.05,0.04,0.06
"379",72.02,0.83,0.7,0.92,0.05,0.04,0.06
"380",72.2,0.83,0.7,0.92,0.05,0.04,0.06
"381",72.39,0.83,0.7,0.92,0.05,0.04,0.06
"382",72.57,0.83,0.7,0.92,0.05,0.04,0.06
"383",72.76,0.83,0.7,0.92,0.05,0.04,0.06
"384",72.94,0.83,0.7,0.92,0.05,0.04,0.06
"385",73.13,0.83,0.7,0.92,0.05,0.04,0.06
"386",73.31,0.83,0.7,0.92,0.05,0.04,0.06
"387",73.5,0.83,0.7,0.92,0.05,0.04,0.06
"388",73.68,0.83,0.7,0.92,0.05,0.04,0.06
"389",73.87,0.83,0.7,0.92,0.05,0.04,0.06
"390",74.06,0.83,0.7,0.92,0.05,0.04,0.06
"391",74.24,0.83,0.7,0.92,0.05,0.04,0.06
"392",74.43,0.82,0.69,0.92,0.05,0.04,0.06
"393",74.61,0.82,0.69,0.92,0.05,0.04,0.06
"394",74.8,0.82,0.69,0.92,0.05,0.04,0.06
"395",74.98,0.82,0.69,0.92,0.05,0.04,0.06
"396",75.17,0.82,0.69,0.92,0.05,0.04,0.06
"397",75.35,0.82,0.69,0.92,0.05,0.04,0.06
"398",75.54,0.82,0.69,0.92,0.05,0.04,0.06
"399",75.72,0.82,0.69,0.92,0.05,0.04,0.06
"400",75.91,0.82,0.69,0.92,0.05,0.04,0.06
"401",76.09,0.82,0.69,0.92,0.05,0.04,0.06
"402",76.28,0.82,0.69,0.92,0.05,0.04,0.06
"403",76.46,0.82,0.69,0.92,0.05,0.04,0.06
"404",76.65,0.82,0.69,0.92,0.05,0.04,0.06
"405",76.83,0.82,0.69,0.92,0.05,0.04,0.06
"406",77.02,0.82,0.69,0.92,0.05,0.04,0.06
"407",77.2,0.82,0.69,0.92,0.05,0.04,0.06
"408",77.39,0.82,0.69,0.92,0.05,0.04,0.06
"409",77.57,0.82,0.69,0.92,0.05,0.04,0.06
"410",77.76,0.82,0.69,0.92,0.05,0.04,0.06
"411",77.94,0.82,0.69,0.92,0.05,0.04,0.06
"412",78.13,0.82,0.69,0.92,0.05,0.04,0.06
"413",78.32,0.82,0.69,0.92,0.05,0.04,0.06
"414",78.5,0.82,0.69,0.92,0.05,0.04,0.06
"415",78.69,0.82,0.69,0.92,0.05,0.04,0.06
"416",78.87,0.82,0.69,0.92,0.05,0.04,0.06
"417",79.06,0.82,0.69,0.92,0.05,0.04,0.06
"418",79.24,0.82,0.69,0.92,0.05,0.04,0.06
"419",79.43,0.82,0.69,0.92,0.05,0.04,0.06
"420",79.61,0.82,0.69,0.92,0.05,0.04,0.06
"421",79.8,0.82,0.69,0.92,0.05,0.04,0.06
"422",79.98,0.82,0.69,0.92,0.05,0.04,0.06
"423",80.17,0.82,0.69,0.92,0.05,0.04,0.06
"424",80.35,0.82,0.69,0.92,0.05,0.04,0.06
"425",80.54,0.82,0.69,0.92,0.05,0.04,0.06
"426",80.72,0.82,0.69,0.92,0.05,0.04,0.06
"427",80.91,0.82,0.69,0.92,0.05,0.04,0.06
"428",81.09,0.82,0.69,0.92,0.05,0.04,0.06
"429",81.28,0.82,0.69,0.92,0.05,0.04,0.06
"430",81.46,0.82,0.69,0.92,0.05,0.04,0.06
"431",81.65,0.82,0.69,0.92,0.05,0.04,0.06
"432",81.83,0.82,0.69,0.92,0.05,0.04,0.06
"433",82.02,0.82,0.69,0.92,0.05,0.04,0.06
"434",82.21,0.82,0.69,0.92,0.05,0.04,0.06
"435",82.39,0.82,0.69,0.92,0.05,0.04,0.06
"436",82.58,0.82,0.69,0.92,0.05,0.04,0.06
"437",82.76,0.82,0.69,0.92,0.05,0.04,0.06
"438",82.95,0.82,0.69,0.92,0.05,0.04,0.06
"439",83.13,0.82,0.69,0.92,0.05,0.04,0.06
"440",83.32,0.82,0.69,0.92,0.05,0.04,0.06
"441",83.5,0.82,0.69,0.92,0.05,0.04,0.06
"442",83.69,0.82,0.69,0.92,0.05,0.04,0.06
"443",83.87,0.82,0.69,0.92,0.05,0.04,0.06
"444",84.06,0.82,0.69,0.92,0.05,0.04,0.06
"445",84.24,0.82,0.69,0.91,0.05,0.04,0.06
"446",84.43,0.82,0.69,0.91,0.05,0.04,0.06
"447",84.61,0.82,0.69,0.91,0.05,0.04,0.06
"448",84.8,0.82,0.69,0.91,0.05,0.04,0.06
"449",84.98,0.82,0.69,0.91,0.05,0.04,0.06
"450",85.17,0.82,0.69,0.91,0.05,0.04,0.06
"451",85.35,0.82,0.69,0.91,0.05,0.04,0.06
"452",85.54,0.82,0.69,0.91,0.05,0.04,0.06
"453",85.72,0.82,0.69,0.91,0.05,0.04,0.06
"454",85.91,0.82,0.69,0.91,0.05,0.04,0.06
"455",86.1,0.82,0.68,0.91,0.05,0.04,0.06
"456",86.28,0.82,0.68,0.91,0.05,0.04,0.06
"457",86.47,0.82,0.68,0.91,0.05,0.04,0.06
"458",86.65,0.82,0.68,0.91,0.05,0.04,0.06
"459",86.84,0.82,0.68,0.91,0.05,0.04,0.06
"460",87.02,0.82,0.68,0.91,0.05,0.04,0.06
"461",87.21,0.82,0.68,0.91,0.05,0.04,0.06
"462",87.39,0.82,0.68,0.91,0.05,0.04,0.06
"463",87.58,0.82,0.68,0.91,0.05,0.04,0.06
"464",87.76,0.82,0.68,0.91,0.05,0.04,0.06
"465",87.95,0.82,0.68,0.91,0.05,0.04,0.06
"466",88.13,0.82,0.68,0.91,0.05,0.04,0.06
"467",88.32,0.82,0.68,0.91,0.05,0.04,0.06
"468",88.5,0.82,0.68,0.91,0.05,0.04,0.06
"469",88.69,0.82,0.68,0.91,0.05,0.04,0.06
"470",88.87,0.82,0.68,0.91,0.05,0.04,0.06
"471",89.06,0.82,0.68,0.91,0.05,0.04,0.05
"472",89.24,0.82,0.68,0.91,0.05,0.04,0.05
"473",89.43,0.82,0.68,0.91,0.05,0.04,0.05
"474",89.61,0.82,0.68,0.91,0.05,0.04,0.05
"475",89.8,0.82,0.68,0.91,0.05,0.04,0.05
"476",89.98,0.82,0.68,0.91,0.05,0.04,0.05
"477",90.17,0.82,0.68,0.91,0.05,0.04,0.05
"478",90.36,0.82,0.68,0.91,0.05,0.04,0.05
"479",90.54,0.82,0.68,0.91,0.05,0.04,0.05
"480",90.73,0.82,0.68,0.91,0.05,0.04,0.05
"481",90.91,0.82,0.68,0.91,0.05,0.04,0.05
"482",91.1,0.82,0.68,0.91,0.05,0.04,0.05
"483",91.28,0.82,0.68,0.91,0.05,0.04,0.05
"484",91.47,0.82,0.68,0.91,0.05,0.04,0.05
"485",91.65,0.82,0.68,0.91,0.05,0.04,0.05
"486",91.84,0.82,0.68,0.91,0.05,0.04,0.05
"487",92.02,0.82,0.68,0.91,0.05,0.04,0.05
"488",92.21,0.82,0.68,0.91,0.05,0.04,0.05
"489",92.39,0.82,0.68,0.91,0.05,0.04,0.05
"490",92.58,0.82,0.68,0.91,0.05,0.04,0.05
"491",92.76,0.82,0.68,0.91,0.04,0.04,0.05
"492",92.95,0.82,0.68,0.91,0.04,0.04,0.05
"493",93.13,0.82,0.68,0.91,0.04,0.04,0.05
"494",93.32,0.82,0.68,0.91,0.04,0.04,0.05
"495",93.5,0.82,0.68,0.91,0.04,0.04,0.05
"496",93.69,0.82,0.68,0.91,0.04,0.04,0.05
"497",93.87,0.82,0.68,0.91,0.04,0.04,0.05
"498",94.06,0.82,0.68,0.91,0.04,0.04,0.05
"499",94.25,0.82,0.68,0.91,0.04,0.04,0.05
"500",94.43,0.82,0.68,0.91,0.04,0.04,0.05
"501",94.62,0.82,0.68,0.91,0.04,0.04,0.05
"502",94.8,0.82,0.68,0.91,0.04,0.04,0.05
"503",94.99,0.82,0.68,0.91,0.04,0.04,0.05
"504",95.17,0.82,0.68,0.91,0.04,0.04,0.05
"505",95.36,0.82,0.68,0.91,0.04,0.04,0.05
"506",95.54,0.82,0.68,0.91,0.04,0.04,0.05
"507",95.73,0.82,0.68,0.91,0.04,0.04,0.05
"508",95.91,0.82,0.68,0.91,0.04,0.04,0.05
"509",96.1,0.82,0.68,0.91,0.04,0.04,0.05
"510",96.28,0.82,0.68,0.91,0.04,0.04,0.05
"511",96.47,0.82,0.68,0.91,0.04,0.04,0.05
"512",96.65,0.82,0.68,0.91,0.04,0.04,0.05
"513",96.84,0.82,0.68,0.91,0.04,0.04,0.05
"514",97.02,0.82,0.68,0.91,0.04,0.04,0.05
"515",97.21,0.82,0.68,0.91,0.04,0.04,0.05
"516",97.39,0.82,0.68,0.91,0.04,0.04,0.05
"517",97.58,0.82,0.68,0.91,0.04,0.04,0.05
"518",97.76,0.82,0.68,0.91,0.04,0.04,0.05
"519",97.95,0.82,0.68,0.91,0.04,0.04,0.05
"520",98.14,0.82,0.68,0.91,0.04,0.04,0.05
"521",98.32,0.82,0.68,0.91,0.04,0.04,0.05
"522",98.51,0.82,0.68,0.91,0.04,0.04,0.05
"523",98.69,0.82,0.68,0.91,0.04,0.04,0.05
"524",98.88,0.82,0.68,0.91,0.04,0.04,0.05
"525",99.06,0.82,0.68,0.91,0.04,0.04,0.05
"526",99.25,0.82,0.67,0.91,0.04,0.04,0.05
"527",99.43,0.82,0.67,0.91,0.04,0.04,0.05
"528",99.62,0.82,0.67,0.91,0.04,0.04,0.05
"529",99.8,0.82,0.67,0.91,0.04,0.04,0.05
"530",99.99,0.82,0.67,0.91,0.04,0.04,0.05
"531",100.17,0.82,0.67,0.91,0.04,0.04,0.05
"532",100.36,0.82,0.67,0.91,0.04,0.04,0.05
"533",100.54,0.81,0.67,0.91,0.04,0.04,0.05
"534",100.73,0.81,0.67,0.91,0.04,0.04,0.05
"535",100.91,0.81,0.67,0.91,0.04,0.04,0.05
"536",101.1,0.81,0.67,0.91,0.04,0.04,0.05
"537",101.28,0.81,0.67,0.91,0.04,0.04,0.05
"538",101.47,0.81,0.67,0.91,0.04,0.04,0.05
"539",101.65,0.81,0.67,0.91,0.04,0.04,0.05
"540",101.84,0.81,0.67,0.91,0.04,0.04,0.05
"541",102.03,0.81,0.67,0.91,0.04,0.04,0.05
"542",102.21,0.81,0.67,0.91,0.04,0.04,0.05
"543",102.4,0.81,0.67,0.91,0.04,0.04,0.05
"544",102.58,0.81,0.67,0.91,0.04,0.03,0.05
"545",102.77,0.81,0.67,0.91,0.04,0.03,0.05
"546",102.95,0.81,0.67,0.91,0.04,0.03,0.05
"547",103.14,0.81,0.67,0.91,0.04,0.03,0.05
"548",103.32,0.81,0.67,0.91,0.04,0.03,0.05
"549",103.51,0.81,0.67,0.91,0.04,0.03,0.05
"550",103.69,0.81,0.67,0.91,0.04,0.03,0.05
"551",103.88,0.81,0.67,0.91,0.04,0.03,0.05
"552",104.06,0.81,0.67,0.91,0.04,0.03,0.05
"553",104.25,0.81,0.67,0.91,0.04,0.03,0.05
"554",104.43,0.81,0.67,0.91,0.04,0.03,0.05
"555",104.62,0.81,0.67,0.91,0.04,0.03,0.05
"556",104.8,0.81,0.67,0.91,0.04,0.03,0.05
"557",104.99,0.81,0.67,0.91,0.04,0.03,0.05
"558",105.17,0.81,0.67,0.91,0.04,0.03,0.05
"559",105.36,0.81,0.67,0.91,0.04,0.03,0.05
"560",105.54,0.81,0.67,0.91,0.04,0.03,0.05
"561",105.73,0.81,0.67,0.91,0.04,0.03,0.05
"562",105.91,0.81,0.67,0.91,0.04,0.03,0.05
"563",106.1,0.81,0.67,0.91,0.04,0.03,0.05
"564",106.29,0.81,0.67,0.91,0.04,0.03,0.05
"565",106.47,0.81,0.67,0.91,0.04,0.03,0.05
"566",106.66,0.81,0.67,0.91,0.04,0.03,0.05
"567",106.84,0.81,0.67,0.91,0.04,0.03,0.05
"568",107.03,0.81,0.67,0.91,0.04,0.03,0.05
"569",107.21,0.81,0.67,0.91,0.04,0.03,0.05
"570",107.4,0.81,0.67,0.91,0.04,0.03,0.05
"571",107.58,0.81,0.67,0.91,0.04,0.03,0.05
"572",107.77,0.81,0.67,0.91,0.04,0.03,0.05
"573",107.95,0.81,0.67,0.91,0.04,0.03,0.05
"574",108.14,0.81,0.67,0.91,0.04,0.03,0.05
"575",108.32,0.81,0.67,0.91,0.04,0.03,0.05
"576",108.51,0.81,0.67,0.91,0.04,0.03,0.05
"577",108.69,0.81,0.67,0.91,0.04,0.03,0.05
"578",108.88,0.81,0.67,0.91,0.04,0.03,0.05
"579",109.06,0.81,0.67,0.91,0.04,0.03,0.05
"580",109.25,0.81,0.67,0.91,0.04,0.03,0.05
"581",109.43,0.81,0.67,0.91,0.04,0.03,0.05
"582",109.62,0.81,0.67,0.91,0.04,0.03,0.05
"583",109.8,0.81,0.67,0.91,0.04,0.03,0.05
"584",109.99,0.81,0.67,0.91,0.04,0.03,0.05
"585",110.18,0.81,0.67,0.91,0.04,0.03,0.05
"586",110.36,0.81,0.67,0.91,0.04,0.03,0.05
"587",110.55,0.81,0.67,0.91,0.04,0.03,0.05
"588",110.73,0.81,0.67,0.91,0.04,0.03,0.05
"589",110.92,0.81,0.67,0.91,0.04,0.03,0.05
"590",111.1,0.81,0.67,0.91,0.04,0.03,0.05
"591",111.29,0.81,0.67,0.91,0.04,0.03,0.05
"592",111.47,0.81,0.67,0.91,0.04,0.03,0.05
"593",111.66,0.81,0.67,0.91,0.04,0.03,0.05
"594",111.84,0.81,0.67,0.91,0.04,0.03,0.05
"595",112.03,0.81,0.67,0.91,0.04,0.03,0.05
"596",112.21,0.81,0.67,0.91,0.04,0.03,0.05
"597",112.4,0.81,0.67,0.91,0.04,0.03,0.05
"598",112.58,0.81,0.67,0.91,0.04,0.03,0.05
"599",112.77,0.81,0.67,0.91,0.04,0.03,0.05
"600",112.95,0.81,0.66,0.91,0.04,0.03,0.05
"601",113.14,0.81,0.66,0.91,0.04,0.03,0.05
"602",113.32,0.81,0.66,0.91,0.04,0.03,0.05
"603",113.51,0.81,0.66,0.91,0.04,0.03,0.05
"604",113.69,0.81,0.66,0.91,0.04,0.03,0.05
"605",113.88,0.81,0.66,0.91,0.04,0.03,0.05
"606",114.07,0.81,0.66,0.91,0.04,0.03,0.05
"607",114.25,0.81,0.66,0.91,0.04,0.03,0.05
"608",114.44,0.81,0.66,0.91,0.04,0.03,0.05
"609",114.62,0.81,0.66,0.91,0.04,0.03,0.05
"610",114.81,0.81,0.66,0.91,0.04,0.03,0.05
"611",114.99,0.81,0.66,0.91,0.04,0.03,0.05
"612",115.18,0.81,0.66,0.91,0.04,0.03,0.05
"613",115.36,0.81,0.66,0.91,0.04,0.03,0.05
"614",115.55,0.81,0.66,0.91,0.04,0.03,0.05
"615",115.73,0.81,0.66,0.91,0.04,0.03,0.05
"616",115.92,0.81,0.66,0.91,0.04,0.03,0.05
"617",116.1,0.81,0.66,0.91,0.04,0.03,0.05
"618",116.29,0.81,0.66,0.91,0.04,0.03,0.05
"619",116.47,0.81,0.66,0.91,0.04,0.03,0.05
"620",116.66,0.81,0.66,0.91,0.04,0.03,0.05
"621",116.84,0.81,0.66,0.91,0.04,0.03,0.05
"622",117.03,0.81,0.66,0.91,0.04,0.03,0.05
"623",117.21,0.81,0.66,0.91,0.04,0.03,0.05
"624",117.4,0.81,0.66,0.91,0.04,0.03,0.05
"625",117.58,0.81,0.66,0.91,0.04,0.03,0.05
"626",117.77,0.81,0.66,0.91,0.04,0.03,0.05
"627",117.95,0.81,0.66,0.91,0.04,0.03,0.05
"628",118.14,0.81,0.66,0.91,0.04,0.03,0.05
"629",118.33,0.81,0.66,0.91,0.04,0.03,0.05
"630",118.51,0.81,0.66,0.91,0.04,0.03,0.05
"631",118.7,0.81,0.66,0.91,0.04,0.03,0.05
"632",118.88,0.81,0.66,0.91,0.04,0.03,0.05
"633",119.07,0.81,0.66,0.91,0.04,0.03,0.05
"634",119.25,0.81,0.66,0.91,0.04,0.03,0.05
"635",119.44,0.81,0.66,0.91,0.04,0.03,0.05
"636",119.62,0.81,0.66,0.91,0.04,0.03,0.05
"637",119.81,0.81,0.66,0.91,0.04,0.03,0.05
"638",119.99,0.81,0.66,0.91,0.04,0.03,0.05
"639",120.18,0.81,0.66,0.91,0.04,0.03,0.05
"640",120.36,0.81,0.66,0.91,0.04,0.03,0.05
"641",120.55,0.81,0.66,0.91,0.04,0.03,0.05
"642",120.73,0.81,0.66,0.91,0.04,0.03,0.05
"643",120.92,0.81,0.66,0.91,0.04,0.03,0.05
"644",121.1,0.81,0.66,0.91,0.04,0.03,0.05
"645",121.29,0.81,0.66,0.91,0.04,0.03,0.05
"646",121.47,0.81,0.66,0.91,0.04,0.03,0.05
"647",121.66,0.81,0.66,0.91,0.04,0.03,0.05
"648",121.84,0.81,0.66,0.91,0.04,0.03,0.05
"649",122.03,0.81,0.66,0.91,0.04,0.03,0.05
"650",122.22,0.81,0.66,0.91,0.04,0.03,0.05
"651",122.4,0.81,0.66,0.91,0.04,0.03,0.05
"652",122.59,0.81,0.66,0.91,0.04,0.03,0.05
"653",122.77,0.81,0.66,0.91,0.04,0.03,0.05
"654",122.96,0.81,0.66,0.91,0.04,0.03,0.05
"655",123.14,0.81,0.66,0.91,0.04,0.03,0.05
"656",123.33,0.81,0.66,0.91,0.04,0.03,0.05
"657",123.51,0.81,0.66,0.91,0.04,0.03,0.05
"658",123.7,0.81,0.66,0.91,0.04,0.03,0.05
"659",123.88,0.81,0.66,0.91,0.04,0.03,0.05
"660",124.07,0.81,0.66,0.91,0.04,0.03,0.05
"661",124.25,0.81,0.66,0.91,0.04,0.03,0.05
"662",124.44,0.81,0.66,0.91,0.04,0.03,0.05
"663",124.62,0.81,0.66,0.91,0.04,0.03,0.05
"664",124.81,0.81,0.66,0.91,0.04,0.03,0.05
"665",124.99,0.81,0.66,0.91,0.04,0.03,0.05
"666",125.18,0.81,0.66,0.91,0.04,0.03,0.05
"667",125.36,0.81,0.66,0.91,0.04,0.03,0.05
"668",125.55,0.81,0.66,0.91,0.04,0.03,0.05
"669",125.73,0.81,0.66,0.91,0.04,0.03,0.05
"670",125.92,0.81,0.66,0.91,0.04,0.03,0.05
"671",126.11,0.81,0.66,0.91,0.04,0.03,0.05
"672",126.29,0.81,0.66,0.91,0.04,0.03,0.05
"673",126.48,0.81,0.66,0.91,0.04,0.03,0.05
"674",126.66,0.81,0.66,0.91,0.04,0.03,0.05
"675",126.85,0.81,0.66,0.91,0.04,0.03,0.05
"676",127.03,0.81,0.66,0.91,0.04,0.03,0.05
"677",127.22,0.81,0.66,0.91,0.04,0.03,0.05
"678",127.4,0.81,0.66,0.91,0.04,0.03,0.05
"679",127.59,0.81,0.66,0.91,0.04,0.03,0.05
"680",127.77,0.81,0.66,0.91,0.04,0.03,0.05
"681",127.96,0.81,0.66,0.91,0.04,0.03,0.05
"682",128.14,0.81,0.66,0.91,0.04,0.03,0.05
"683",128.33,0.81,0.65,0.91,0.04,0.03,0.05
"684",128.51,0.81,0.65,0.91,0.04,0.03,0.05
"685",128.7,0.81,0.65,0.91,0.04,0.03,0.05
"686",128.88,0.81,0.65,0.91,0.04,0.03,0.05
"687",129.07,0.81,0.65,0.91,0.04,0.03,0.05
"688",129.25,0.81,0.65,0.91,0.04,0.03,0.05
"689",129.44,0.81,0.65,0.91,0.04,0.03,0.05
"690",129.62,0.81,0.65,0.91,0.04,0.03,0.05
"691",129.81,0.81,0.65,0.91,0.04,0.03,0.05
"692",129.99,0.81,0.65,0.91,0.04,0.03,0.05
"693",130.18,0.81,0.65,0.91,0.04,0.03,0.05
"694",130.37,0.81,0.65,0.91,0.04,0.03,0.05
"695",130.55,0.81,0.65,0.91,0.04,0.03,0.05
"696",130.74,0.81,0.65,0.91,0.04,0.03,0.05
"697",130.92,0.81,0.65,0.91,0.04,0.03,0.05
"698",131.11,0.81,0.65,0.91,0.04,0.03,0.05
"699",131.29,0.81,0.65,0.91,0.04,0.03,0.05
"700",131.48,0.81,0.65,0.91,0.04,0.03,0.05
"701",131.66,0.81,0.65,0.91,0.04,0.03,0.05
"702",131.85,0.81,0.65,0.91,0.04,0.03,0.05
"703",132.03,0.81,0.65,0.91,0.04,0.03,0.05
"704",132.22,0.81,0.65,0.91,0.04,0.03,0.05
"705",132.4,0.81,0.65,0.91,0.04,0.03,0.05
"706",132.59,0.81,0.65,0.91,0.04,0.03,0.05
"707",132.77,0.81,0.65,0.91,0.04,0.03,0.05
"708",132.96,0.81,0.65,0.91,0.04,0.03,0.05
"709",133.14,0.81,0.65,0.91,0.04,0.03,0.05
"710",133.33,0.81,0.65,0.91,0.04,0.03,0.05
"711",133.51,0.81,0.65,0.91,0.04,0.03,0.05
"712",133.7,0.81,0.65,0.91,0.04,0.03,0.05
"713",133.88,0.81,0.65,0.91,0.04,0.03,0.05
"714",134.07,0.81,0.65,0.91,0.04,0.03,0.05
"715",134.26,0.81,0.65,0.91,0.04,0.03,0.05
"716",134.44,0.81,0.65,0.91,0.04,0.03,0.05
"717",134.63,0.81,0.65,0.91,0.04,0.03,0.05
"718",134.81,0.81,0.65,0.91,0.04,0.03,0.05
"719",135,0.8,0.65,0.91,0.04,0.03,0.05
"720",135.18,0.8,0.65,0.91,0.04,0.03,0.05
"721",135.37,0.8,0.65,0.91,0.04,0.03,0.05
"722",135.55,0.8,0.65,0.91,0.04,0.03,0.05
"723",135.74,0.8,0.65,0.91,0.04,0.03,0.05
"724",135.92,0.8,0.65,0.91,0.04,0.03,0.05
"725",136.11,0.8,0.65,0.91,0.04,0.03,0.05
"726",136.29,0.8,0.65,0.91,0.04,0.03,0.05
"727",136.48,0.8,0.65,0.91,0.04,0.03,0.05
"728",136.66,0.8,0.65,0.91,0.04,0.03,0.05
"729",136.85,0.8,0.65,0.91,0.04,0.03,0.05
"730",137.03,0.8,0.65,0.91,0.04,0.03,0.05
"731",137.22,0.8,0.65,0.91,0.04,0.03,0.05
"732",137.4,0.8,0.65,0.91,0.04,0.03,0.05
"733",137.59,0.8,0.65,0.91,0.04,0.03,0.05
"734",137.77,0.8,0.65,0.91,0.04,0.03,0.05
"735",137.96,0.8,0.65,0.91,0.04,0.03,0.05
"736",138.15,0.8,0.65,0.91,0.04,0.03,0.05
"737",138.33,0.8,0.65,0.91,0.04,0.03,0.05
"738",138.52,0.8,0.65,0.91,0.04,0.03,0.05
"739",138.7,0.8,0.65,0.91,0.04,0.03,0.05
"740",138.89,0.8,0.65,0.91,0.04,0.03,0.05
"741",139.07,0.8,0.65,0.91,0.04,0.03,0.05
"742",139.26,0.8,0.65,0.91,0.04,0.03,0.05
"743",139.44,0.8,0.65,0.91,0.04,0.03,0.05
"744",139.63,0.8,0.65,0.91,0.04,0.03,0.05
"745",139.81,0.8,0.65,0.91,0.04,0.03,0.05
"746",140,0.8,0.65,0.91,0.04,0.03,0.05
"747",140.18,0.8,0.65,0.91,0.04,0.03,0.05
"748",140.37,0.8,0.65,0.91,0.04,0.03,0.05
"749",140.55,0.8,0.65,0.91,0.04,0.03,0.05
"750",140.74,0.8,0.65,0.91,0.04,0.03,0.05
"751",140.92,0.8,0.65,0.91,0.04,0.03,0.05
"752",141.11,0.8,0.65,0.91,0.04,0.03,0.05
"753",141.29,0.8,0.65,0.91,0.04,0.03,0.05
"754",141.48,0.8,0.65,0.91,0.04,0.03,0.05
"755",141.66,0.8,0.65,0.91,0.04,0.03,0.05
"756",141.85,0.8,0.65,0.91,0.04,0.03,0.05
"757",142.04,0.8,0.65,0.91,0.04,0.03,0.05
"758",142.22,0.8,0.65,0.91,0.04,0.03,0.05
"759",142.41,0.8,0.65,0.91,0.04,0.03,0.05
"760",142.59,0.8,0.65,0.91,0.04,0.03,0.05
"761",142.78,0.8,0.65,0.91,0.04,0.03,0.05
"762",142.96,0.8,0.65,0.91,0.04,0.03,0.05
"763",143.15,0.8,0.65,0.91,0.04,0.03,0.05
"764",143.33,0.8,0.65,0.91,0.04,0.03,0.05
"765",143.52,0.8,0.65,0.91,0.04,0.03,0.05
"766",143.7,0.8,0.65,0.91,0.04,0.03,0.05
"767",143.89,0.8,0.65,0.91,0.04,0.03,0.05
"768",144.07,0.8,0.65,0.91,0.04,0.03,0.05
"769",144.26,0.8,0.65,0.91,0.04,0.03,0.05
"770",144.44,0.8,0.64,0.91,0.04,0.03,0.05
"771",144.63,0.8,0.64,0.91,0.04,0.03,0.05
"772",144.81,0.8,0.64,0.91,0.04,0.03,0.05
"773",145,0.8,0.64,0.91,0.04,0.03,0.05
"774",145.18,0.8,0.64,0.91,0.04,0.03,0.05
"775",145.37,0.8,0.64,0.91,0.04,0.03,0.05
"776",145.55,0.8,0.64,0.91,0.04,0.03,0.05
"777",145.74,0.8,0.64,0.91,0.04,0.03,0.05
"778",145.92,0.8,0.64,0.91,0.04,0.03,0.05
"779",146.11,0.8,0.64,0.91,0.04,0.03,0.05
"780",146.3,0.8,0.64,0.91,0.04,0.03,0.05
"781",146.48,0.8,0.64,0.91,0.04,0.03,0.05
"782",146.67,0.8,0.64,0.91,0.04,0.03,0.05
"783",146.85,0.8,0.64,0.91,0.04,0.03,0.05
"784",147.04,0.8,0.64,0.91,0.04,0.03,0.05
"785",147.22,0.8,0.64,0.91,0.04,0.03,0.05
"786",147.41,0.8,0.64,0.91,0.04,0.03,0.05
"787",147.59,0.8,0.64,0.91,0.04,0.03,0.05
"788",147.78,0.8,0.64,0.91,0.04,0.03,0.05
"789",147.96,0.8,0.64,0.91,0.04,0.03,0.05
"790",148.15,0.8,0.64,0.91,0.04,0.03,0.05
"791",148.33,0.8,0.64,0.91,0.04,0.03,0.05
"792",148.52,0.8,0.64,0.91,0.04,0.03,0.05
"793",148.7,0.8,0.64,0.91,0.04,0.03,0.05
"794",148.89,0.8,0.64,0.91,0.04,0.03,0.05
"795",149.07,0.8,0.64,0.91,0.04,0.03,0.05
"796",149.26,0.8,0.64,0.91,0.04,0.03,0.05
"797",149.44,0.8,0.64,0.91,0.04,0.03,0.05
"798",149.63,0.8,0.64,0.91,0.04,0.03,0.05
"799",149.81,0.8,0.64,0.91,0.04,0.03,0.05
"800",150,0.8,0.64,0.91,0.04,0.03,0.05
