"thres","X1","X2","X3","X1.1","X2.1","X3.1"
"1",2,0.92,0.75,0.99,0.22,0.13,0.32
"2",2.19,0.91,0.75,0.99,0.21,0.12,0.31
"3",2.37,0.91,0.74,0.99,0.21,0.12,0.3
"4",2.56,0.91,0.74,0.99,0.2,0.11,0.29
"5",2.74,0.91,0.74,0.99,0.19,0.11,0.29
"6",2.93,0.91,0.74,0.99,0.19,0.11,0.28
"7",3.11,0.91,0.74,0.99,0.19,0.1,0.28
"8",3.3,0.9,0.74,0.99,0.18,0.1,0.27
"9",3.48,0.9,0.74,0.99,0.18,0.1,0.27
"10",3.67,0.9,0.73,0.99,0.17,0.09,0.26
"11",3.85,0.9,0.73,0.99,0.17,0.09,0.26
"12",4.04,0.9,0.73,0.99,0.17,0.09,0.26
"13",4.22,0.9,0.73,0.99,0.16,0.09,0.25
"14",4.41,0.9,0.73,0.99,0.16,0.09,0.25
"15",4.59,0.9,0.73,0.99,0.16,0.08,0.25
"16",4.78,0.9,0.73,0.99,0.16,0.08,0.24
"17",4.96,0.9,0.73,0.98,0.15,0.08,0.24
"18",5.15,0.89,0.72,0.98,0.15,0.08,0.24
"19",5.33,0.89,0.72,0.98,0.15,0.08,0.24
"20",5.52,0.89,0.72,0.98,0.15,0.07,0.23
"21",5.7,0.89,0.72,0.98,0.15,0.07,0.23
"22",5.89,0.89,0.72,0.98,0.14,0.07,0.23
"23",6.08,0.89,0.72,0.98,0.14,0.07,0.23
"24",6.26,0.89,0.72,0.98,0.14,0.07,0.23
"25",6.45,0.89,0.72,0.98,0.14,0.07,0.22
"26",6.63,0.89,0.72,0.98,0.14,0.07,0.22
"27",6.82,0.89,0.72,0.98,0.14,0.07,0.22
"28",7,0.89,0.72,0.98,0.13,0.07,0.22
"29",7.19,0.89,0.71,0.98,0.13,0.06,0.22
"30",7.37,0.88,0.71,0.98,0.13,0.06,0.21
"31",7.56,0.88,0.71,0.98,0.13,0.06,0.21
"32",7.74,0.88,0.71,0.98,0.13,0.06,0.21
"33",7.93,0.88,0.71,0.98,0.13,0.06,0.21
"34",8.11,0.88,0.71,0.98,0.13,0.06,0.21
"35",8.3,0.88,0.71,0.98,0.13,0.06,0.21
"36",8.48,0.88,0.71,0.98,0.12,0.06,0.21
"37",8.67,0.88,0.71,0.98,0.12,0.06,0.2
"38",8.85,0.88,0.71,0.98,0.12,0.06,0.2
"39",9.04,0.88,0.71,0.98,0.12,0.06,0.2
"40",9.22,0.88,0.71,0.98,0.12,0.06,0.2
"41",9.41,0.88,0.71,0.98,0.12,0.06,0.2
"42",9.59,0.88,0.71,0.98,0.12,0.05,0.2
"43",9.78,0.88,0.71,0.98,0.12,0.05,0.2
"44",9.96,0.88,0.7,0.98,0.12,0.05,0.2
"45",10.15,0.88,0.7,0.97,0.12,0.05,0.19
"46",10.34,0.87,0.7,0.97,0.11,0.05,0.19
"47",10.52,0.87,0.7,0.97,0.11,0.05,0.19
"48",10.71,0.87,0.7,0.97,0.11,0.05,0.19
"49",10.89,0.87,0.7,0.97,0.11,0.05,0.19
"50",11.08,0.87,0.7,0.97,0.11,0.05,0.19
"51",11.26,0.87,0.7,0.97,0.11,0.05,0.19
"52",11.45,0.87,0.7,0.97,0.11,0.05,0.19
"53",11.63,0.87,0.7,0.97,0.11,0.05,0.19
"54",11.82,0.87,0.7,0.97,0.11,0.05,0.19
"55",12,0.87,0.7,0.97,0.11,0.05,0.18
"56",12.19,0.87,0.7,0.97,0.11,0.05,0.18
"57",12.37,0.87,0.7,0.97,0.11,0.05,0.18
"58",12.56,0.87,0.7,0.97,0.11,0.05,0.18
"59",12.74,0.87,0.7,0.97,0.1,0.05,0.18
"60",12.93,0.87,0.7,0.97,0.1,0.05,0.18
"61",13.11,0.87,0.7,0.97,0.1,0.05,0.18
"62",13.3,0.87,0.69,0.97,0.1,0.05,0.18
"63",13.48,0.87,0.69,0.97,0.1,0.04,0.18
"64",13.67,0.87,0.69,0.97,0.1,0.04,0.18
"65",13.85,0.87,0.69,0.97,0.1,0.04,0.18
"66",14.04,0.86,0.69,0.97,0.1,0.04,0.18
"67",14.23,0.86,0.69,0.97,0.1,0.04,0.18
"68",14.41,0.86,0.69,0.97,0.1,0.04,0.17
"69",14.6,0.86,0.69,0.97,0.1,0.04,0.17
"70",14.78,0.86,0.69,0.97,0.1,0.04,0.17
"71",14.97,0.86,0.69,0.97,0.1,0.04,0.17
"72",15.15,0.86,0.69,0.97,0.1,0.04,0.17
"73",15.34,0.86,0.69,0.97,0.1,0.04,0.17
"74",15.52,0.86,0.69,0.97,0.1,0.04,0.17
"75",15.71,0.86,0.69,0.97,0.1,0.04,0.17
"76",15.89,0.86,0.69,0.97,0.1,0.04,0.17
"77",16.08,0.86,0.69,0.97,0.1,0.04,0.17
"78",16.26,0.86,0.69,0.97,0.09,0.04,0.17
"79",16.45,0.86,0.69,0.97,0.09,0.04,0.17
"80",16.63,0.86,0.69,0.97,0.09,0.04,0.17
"81",16.82,0.86,0.69,0.97,0.09,0.04,0.17
"82",17,0.86,0.69,0.96,0.09,0.04,0.17
"83",17.19,0.86,0.69,0.96,0.09,0.04,0.16
"84",17.37,0.86,0.69,0.96,0.09,0.04,0.16
"85",17.56,0.86,0.68,0.96,0.09,0.04,0.16
"86",17.74,0.86,0.68,0.96,0.09,0.04,0.16
"87",17.93,0.86,0.68,0.96,0.09,0.04,0.16
"88",18.12,0.86,0.68,0.96,0.09,0.04,0.16
"89",18.3,0.86,0.68,0.96,0.09,0.04,0.16
"90",18.49,0.86,0.68,0.96,0.09,0.04,0.16
"91",18.67,0.86,0.68,0.96,0.09,0.04,0.16
"92",18.86,0.85,0.68,0.96,0.09,0.04,0.16
"93",19.04,0.85,0.68,0.96,0.09,0.04,0.16
"94",19.23,0.85,0.68,0.96,0.09,0.04,0.16
"95",19.41,0.85,0.68,0.96,0.09,0.04,0.16
"96",19.6,0.85,0.68,0.96,0.09,0.04,0.16
"97",19.78,0.85,0.68,0.96,0.09,0.04,0.16
"98",19.97,0.85,0.68,0.96,0.09,0.04,0.16
"99",20.15,0.85,0.68,0.96,0.09,0.04,0.16
"100",20.34,0.85,0.68,0.96,0.09,0.04,0.16
"101",20.52,0.85,0.68,0.96,0.09,0.03,0.16
"102",20.71,0.85,0.68,0.96,0.09,0.03,0.16
"103",20.89,0.85,0.68,0.96,0.08,0.03,0.15
"104",21.08,0.85,0.68,0.96,0.08,0.03,0.15
"105",21.26,0.85,0.68,0.96,0.08,0.03,0.15
"106",21.45,0.85,0.68,0.96,0.08,0.03,0.15
"107",21.63,0.85,0.68,0.96,0.08,0.03,0.15
"108",21.82,0.85,0.68,0.96,0.08,0.03,0.15
"109",22.01,0.85,0.68,0.96,0.08,0.03,0.15
"110",22.19,0.85,0.68,0.96,0.08,0.03,0.15
"111",22.38,0.85,0.68,0.96,0.08,0.03,0.15
"112",22.56,0.85,0.67,0.96,0.08,0.03,0.15
"113",22.75,0.85,0.67,0.96,0.08,0.03,0.15
"114",22.93,0.85,0.67,0.96,0.08,0.03,0.15
"115",23.12,0.85,0.67,0.96,0.08,0.03,0.15
"116",23.3,0.85,0.67,0.96,0.08,0.03,0.15
"117",23.49,0.85,0.67,0.96,0.08,0.03,0.15
"118",23.67,0.85,0.67,0.96,0.08,0.03,0.15
"119",23.86,0.85,0.67,0.96,0.08,0.03,0.15
"120",24.04,0.85,0.67,0.96,0.08,0.03,0.15
"121",24.23,0.85,0.67,0.96,0.08,0.03,0.15
"122",24.41,0.85,0.67,0.96,0.08,0.03,0.15
"123",24.6,0.84,0.67,0.96,0.08,0.03,0.15
"124",24.78,0.84,0.67,0.96,0.08,0.03,0.15
"125",24.97,0.84,0.67,0.96,0.08,0.03,0.15
"126",25.15,0.84,0.67,0.96,0.08,0.03,0.15
"127",25.34,0.84,0.67,0.96,0.08,0.03,0.15
"128",25.52,0.84,0.67,0.96,0.08,0.03,0.15
"129",25.71,0.84,0.67,0.96,0.08,0.03,0.15
"130",25.89,0.84,0.67,0.95,0.08,0.03,0.14
"131",26.08,0.84,0.67,0.95,0.08,0.03,0.14
"132",26.27,0.84,0.67,0.95,0.08,0.03,0.14
"133",26.45,0.84,0.67,0.95,0.08,0.03,0.14
"134",26.64,0.84,0.67,0.95,0.08,0.03,0.14
"135",26.82,0.84,0.67,0.95,0.08,0.03,0.14
"136",27.01,0.84,0.67,0.95,0.08,0.03,0.14
"137",27.19,0.84,0.67,0.95,0.08,0.03,0.14
"138",27.38,0.84,0.67,0.95,0.08,0.03,0.14
"139",27.56,0.84,0.67,0.95,0.08,0.03,0.14
"140",27.75,0.84,0.67,0.95,0.08,0.03,0.14
"141",27.93,0.84,0.67,0.95,0.07,0.03,0.14
"142",28.12,0.84,0.67,0.95,0.07,0.03,0.14
"143",28.3,0.84,0.67,0.95,0.07,0.03,0.14
"144",28.49,0.84,0.66,0.95,0.07,0.03,0.14
"145",28.67,0.84,0.66,0.95,0.07,0.03,0.14
"146",28.86,0.84,0.66,0.95,0.07,0.03,0.14
"147",29.04,0.84,0.66,0.95,0.07,0.03,0.14
"148",29.23,0.84,0.66,0.95,0.07,0.03,0.14
"149",29.41,0.84,0.66,0.95,0.07,0.03,0.14
"150",29.6,0.84,0.66,0.95,0.07,0.03,0.14
"151",29.78,0.84,0.66,0.95,0.07,0.03,0.14
"152",29.97,0.84,0.66,0.95,0.07,0.03,0.14
"153",30.16,0.84,0.66,0.95,0.07,0.03,0.14
"154",30.34,0.84,0.66,0.95,0.07,0.03,0.14
"155",30.53,0.84,0.66,0.95,0.07,0.03,0.14
"156",30.71,0.84,0.66,0.95,0.07,0.03,0.14
"157",30.9,0.84,0.66,0.95,0.07,0.03,0.14
"158",31.08,0.84,0.66,0.95,0.07,0.03,0.14
"159",31.27,0.84,0.66,0.95,0.07,0.03,0.14
"160",31.45,0.84,0.66,0.95,0.07,0.03,0.14
"161",31.64,0.84,0.66,0.95,0.07,0.03,0.14
"162",31.82,0.83,0.66,0.95,0.07,0.03,0.14
"163",32.01,0.83,0.66,0.95,0.07,0.03,0.14
"164",32.19,0.83,0.66,0.95,0.07,0.03,0.13
"165",32.38,0.83,0.66,0.95,0.07,0.03,0.13
"166",32.56,0.83,0.66,0.95,0.07,0.03,0.13
"167",32.75,0.83,0.66,0.95,0.07,0.03,0.13
"168",32.93,0.83,0.66,0.95,0.07,0.03,0.13
"169",33.12,0.83,0.66,0.95,0.07,0.03,0.13
"170",33.3,0.83,0.66,0.95,0.07,0.03,0.13
"171",33.49,0.83,0.66,0.95,0.07,0.03,0.13
"172",33.67,0.83,0.66,0.95,0.07,0.03,0.13
"173",33.86,0.83,0.66,0.95,0.07,0.03,0.13
"174",34.05,0.83,0.66,0.95,0.07,0.03,0.13
"175",34.23,0.83,0.66,0.95,0.07,0.03,0.13
"176",34.42,0.83,0.66,0.95,0.07,0.03,0.13
"177",34.6,0.83,0.66,0.95,0.07,0.03,0.13
"178",34.79,0.83,0.66,0.95,0.07,0.03,0.13
"179",34.97,0.83,0.66,0.95,0.07,0.03,0.13
"180",35.16,0.83,0.66,0.95,0.07,0.02,0.13
"181",35.34,0.83,0.66,0.95,0.07,0.02,0.13
"182",35.53,0.83,0.66,0.95,0.07,0.02,0.13
"183",35.71,0.83,0.65,0.95,0.07,0.02,0.13
"184",35.9,0.83,0.65,0.95,0.07,0.02,0.13
"185",36.08,0.83,0.65,0.95,0.07,0.02,0.13
"186",36.27,0.83,0.65,0.95,0.07,0.02,0.13
"187",36.45,0.83,0.65,0.95,0.07,0.02,0.13
"188",36.64,0.83,0.65,0.95,0.07,0.02,0.13
"189",36.82,0.83,0.65,0.95,0.07,0.02,0.13
"190",37.01,0.83,0.65,0.95,0.07,0.02,0.13
"191",37.19,0.83,0.65,0.95,0.07,0.02,0.13
"192",37.38,0.83,0.65,0.95,0.07,0.02,0.13
"193",37.56,0.83,0.65,0.95,0.07,0.02,0.13
"194",37.75,0.83,0.65,0.95,0.07,0.02,0.13
"195",37.93,0.83,0.65,0.95,0.07,0.02,0.13
"196",38.12,0.83,0.65,0.94,0.07,0.02,0.13
"197",38.31,0.83,0.65,0.94,0.07,0.02,0.13
"198",38.49,0.83,0.65,0.94,0.07,0.02,0.13
"199",38.68,0.83,0.65,0.94,0.07,0.02,0.13
"200",38.86,0.83,0.65,0.94,0.06,0.02,0.13
"201",39.05,0.83,0.65,0.94,0.06,0.02,0.13
"202",39.23,0.83,0.65,0.94,0.06,0.02,0.13
"203",39.42,0.83,0.65,0.94,0.06,0.02,0.13
"204",39.6,0.83,0.65,0.94,0.06,0.02,0.13
"205",39.79,0.83,0.65,0.94,0.06,0.02,0.13
"206",39.97,0.83,0.65,0.94,0.06,0.02,0.13
"207",40.16,0.83,0.65,0.94,0.06,0.02,0.13
"208",40.34,0.83,0.65,0.94,0.06,0.02,0.13
"209",40.53,0.82,0.65,0.94,0.06,0.02,0.13
"210",40.71,0.82,0.65,0.94,0.06,0.02,0.13
"211",40.9,0.82,0.65,0.94,0.06,0.02,0.12
"212",41.08,0.82,0.65,0.94,0.06,0.02,0.12
"213",41.27,0.82,0.65,0.94,0.06,0.02,0.12
"214",41.45,0.82,0.65,0.94,0.06,0.02,0.12
"215",41.64,0.82,0.65,0.94,0.06,0.02,0.12
"216",41.82,0.82,0.65,0.94,0.06,0.02,0.12
"217",42.01,0.82,0.65,0.94,0.06,0.02,0.12
"218",42.2,0.82,0.65,0.94,0.06,0.02,0.12
"219",42.38,0.82,0.65,0.94,0.06,0.02,0.12
"220",42.57,0.82,0.65,0.94,0.06,0.02,0.12
"221",42.75,0.82,0.65,0.94,0.06,0.02,0.12
"222",42.94,0.82,0.65,0.94,0.06,0.02,0.12
"223",43.12,0.82,0.65,0.94,0.06,0.02,0.12
"224",43.31,0.82,0.65,0.94,0.06,0.02,0.12
"225",43.49,0.82,0.65,0.94,0.06,0.02,0.12
"226",43.68,0.82,0.64,0.94,0.06,0.02,0.12
"227",43.86,0.82,0.64,0.94,0.06,0.02,0.12
"228",44.05,0.82,0.64,0.94,0.06,0.02,0.12
"229",44.23,0.82,0.64,0.94,0.06,0.02,0.12
"230",44.42,0.82,0.64,0.94,0.06,0.02,0.12
"231",44.6,0.82,0.64,0.94,0.06,0.02,0.12
"232",44.79,0.82,0.64,0.94,0.06,0.02,0.12
"233",44.97,0.82,0.64,0.94,0.06,0.02,0.12
"234",45.16,0.82,0.64,0.94,0.06,0.02,0.12
"235",45.34,0.82,0.64,0.94,0.06,0.02,0.12
"236",45.53,0.82,0.64,0.94,0.06,0.02,0.12
"237",45.71,0.82,0.64,0.94,0.06,0.02,0.12
"238",45.9,0.82,0.64,0.94,0.06,0.02,0.12
"239",46.09,0.82,0.64,0.94,0.06,0.02,0.12
"240",46.27,0.82,0.64,0.94,0.06,0.02,0.12
"241",46.46,0.82,0.64,0.94,0.06,0.02,0.12
"242",46.64,0.82,0.64,0.94,0.06,0.02,0.12
"243",46.83,0.82,0.64,0.94,0.06,0.02,0.12
"244",47.01,0.82,0.64,0.94,0.06,0.02,0.12
"245",47.2,0.82,0.64,0.94,0.06,0.02,0.12
"246",47.38,0.82,0.64,0.94,0.06,0.02,0.12
"247",47.57,0.82,0.64,0.94,0.06,0.02,0.12
"248",47.75,0.82,0.64,0.94,0.06,0.02,0.12
"249",47.94,0.82,0.64,0.94,0.06,0.02,0.12
"250",48.12,0.82,0.64,0.94,0.06,0.02,0.12
"251",48.31,0.82,0.64,0.94,0.06,0.02,0.12
"252",48.49,0.82,0.64,0.94,0.06,0.02,0.12
"253",48.68,0.82,0.64,0.94,0.06,0.02,0.12
"254",48.86,0.82,0.64,0.94,0.06,0.02,0.12
"255",49.05,0.82,0.64,0.94,0.06,0.02,0.12
"256",49.23,0.82,0.64,0.94,0.06,0.02,0.12
"257",49.42,0.82,0.64,0.94,0.06,0.02,0.12
"258",49.6,0.82,0.64,0.94,0.06,0.02,0.12
"259",49.79,0.82,0.64,0.94,0.06,0.02,0.12
"260",49.97,0.82,0.64,0.94,0.06,0.02,0.12
"261",50.16,0.82,0.64,0.94,0.06,0.02,0.12
"262",50.35,0.82,0.64,0.94,0.06,0.02,0.12
"263",50.53,0.82,0.64,0.94,0.06,0.02,0.12
"264",50.72,0.81,0.64,0.94,0.06,0.02,0.12
"265",50.9,0.81,0.64,0.94,0.06,0.02,0.12
"266",51.09,0.81,0.64,0.94,0.06,0.02,0.12
"267",51.27,0.81,0.64,0.94,0.06,0.02,0.12
"268",51.46,0.81,0.64,0.94,0.06,0.02,0.12
"269",51.64,0.81,0.64,0.94,0.06,0.02,0.12
"270",51.83,0.81,0.64,0.94,0.06,0.02,0.12
"271",52.01,0.81,0.64,0.94,0.06,0.02,0.12
"272",52.2,0.81,0.64,0.94,0.06,0.02,0.12
"273",52.38,0.81,0.64,0.94,0.06,0.02,0.12
"274",52.57,0.81,0.63,0.94,0.06,0.02,0.11
"275",52.75,0.81,0.63,0.94,0.06,0.02,0.11
"276",52.94,0.81,0.63,0.94,0.06,0.02,0.11
"277",53.12,0.81,0.63,0.94,0.06,0.02,0.11
"278",53.31,0.81,0.63,0.94,0.06,0.02,0.11
"279",53.49,0.81,0.63,0.94,0.06,0.02,0.11
"280",53.68,0.81,0.63,0.94,0.06,0.02,0.11
"281",53.86,0.81,0.63,0.94,0.06,0.02,0.11
"282",54.05,0.81,0.63,0.94,0.06,0.02,0.11
"283",54.24,0.81,0.63,0.94,0.06,0.02,0.11
"284",54.42,0.81,0.63,0.94,0.06,0.02,0.11
"285",54.61,0.81,0.63,0.94,0.06,0.02,0.11
"286",54.79,0.81,0.63,0.94,0.06,0.02,0.11
"287",54.98,0.81,0.63,0.94,0.06,0.02,0.11
"288",55.16,0.81,0.63,0.94,0.06,0.02,0.11
"289",55.35,0.81,0.63,0.93,0.06,0.02,0.11
"290",55.53,0.81,0.63,0.93,0.06,0.02,0.11
"291",55.72,0.81,0.63,0.93,0.06,0.02,0.11
"292",55.9,0.81,0.63,0.93,0.06,0.02,0.11
"293",56.09,0.81,0.63,0.93,0.06,0.02,0.11
"294",56.27,0.81,0.63,0.93,0.06,0.02,0.11
"295",56.46,0.81,0.63,0.93,0.06,0.02,0.11
"296",56.64,0.81,0.63,0.93,0.05,0.02,0.11
"297",56.83,0.81,0.63,0.93,0.05,0.02,0.11
"298",57.01,0.81,0.63,0.93,0.05,0.02,0.11
"299",57.2,0.81,0.63,0.93,0.05,0.02,0.11
"300",57.38,0.81,0.63,0.93,0.05,0.02,0.11
"301",57.57,0.81,0.63,0.93,0.05,0.02,0.11
"302",57.75,0.81,0.63,0.93,0.05,0.02,0.11
"303",57.94,0.81,0.63,0.93,0.05,0.02,0.11
"304",58.13,0.81,0.63,0.93,0.05,0.02,0.11
"305",58.31,0.81,0.63,0.93,0.05,0.02,0.11
"306",58.5,0.81,0.63,0.93,0.05,0.02,0.11
"307",58.68,0.81,0.63,0.93,0.05,0.02,0.11
"308",58.87,0.81,0.63,0.93,0.05,0.02,0.11
"309",59.05,0.81,0.63,0.93,0.05,0.02,0.11
"310",59.24,0.81,0.63,0.93,0.05,0.02,0.11
"311",59.42,0.81,0.63,0.93,0.05,0.02,0.11
"312",59.61,0.81,0.63,0.93,0.05,0.02,0.11
"313",59.79,0.81,0.63,0.93,0.05,0.02,0.11
"314",59.98,0.81,0.63,0.93,0.05,0.02,0.11
"315",60.16,0.81,0.63,0.93,0.05,0.02,0.11
"316",60.35,0.81,0.63,0.93,0.05,0.02,0.11
"317",60.53,0.81,0.63,0.93,0.05,0.02,0.11
"318",60.72,0.81,0.63,0.93,0.05,0.02,0.11
"319",60.9,0.81,0.63,0.93,0.05,0.02,0.11
"320",61.09,0.81,0.63,0.93,0.05,0.02,0.11
"321",61.27,0.81,0.63,0.93,0.05,0.02,0.11
"322",61.46,0.81,0.63,0.93,0.05,0.02,0.11
"323",61.64,0.81,0.63,0.93,0.05,0.02,0.11
"324",61.83,0.81,0.63,0.93,0.05,0.02,0.11
"325",62.02,0.81,0.63,0.93,0.05,0.02,0.11
"326",62.2,0.81,0.63,0.93,0.05,0.02,0.11
"327",62.39,0.81,0.62,0.93,0.05,0.02,0.11
"328",62.57,0.81,0.62,0.93,0.05,0.02,0.11
"329",62.76,0.81,0.62,0.93,0.05,0.02,0.11
"330",62.94,0.81,0.62,0.93,0.05,0.02,0.11
"331",63.13,0.8,0.62,0.93,0.05,0.02,0.11
"332",63.31,0.8,0.62,0.93,0.05,0.02,0.11
"333",63.5,0.8,0.62,0.93,0.05,0.02,0.11
"334",63.68,0.8,0.62,0.93,0.05,0.02,0.11
"335",63.87,0.8,0.62,0.93,0.05,0.02,0.11
"336",64.05,0.8,0.62,0.93,0.05,0.02,0.11
"337",64.24,0.8,0.62,0.93,0.05,0.02,0.11
"338",64.42,0.8,0.62,0.93,0.05,0.02,0.11
"339",64.61,0.8,0.62,0.93,0.05,0.02,0.11
"340",64.79,0.8,0.62,0.93,0.05,0.02,0.11
"341",64.98,0.8,0.62,0.93,0.05,0.02,0.11
"342",65.16,0.8,0.62,0.93,0.05,0.02,0.11
"343",65.35,0.8,0.62,0.93,0.05,0.02,0.11
"344",65.53,0.8,0.62,0.93,0.05,0.02,0.11
"345",65.72,0.8,0.62,0.93,0.05,0.02,0.11
"346",65.9,0.8,0.62,0.93,0.05,0.02,0.11
"347",66.09,0.8,0.62,0.93,0.05,0.02,0.11
"348",66.28,0.8,0.62,0.93,0.05,0.02,0.11
"349",66.46,0.8,0.62,0.93,0.05,0.02,0.11
"350",66.65,0.8,0.62,0.93,0.05,0.02,0.11
"351",66.83,0.8,0.62,0.93,0.05,0.02,0.11
"352",67.02,0.8,0.62,0.93,0.05,0.02,0.11
"353",67.2,0.8,0.62,0.93,0.05,0.02,0.11
"354",67.39,0.8,0.62,0.93,0.05,0.02,0.11
"355",67.57,0.8,0.62,0.93,0.05,0.02,0.11
"356",67.76,0.8,0.62,0.93,0.05,0.02,0.11
"357",67.94,0.8,0.62,0.93,0.05,0.02,0.11
"358",68.13,0.8,0.62,0.93,0.05,0.02,0.11
"359",68.31,0.8,0.62,0.93,0.05,0.02,0.11
"360",68.5,0.8,0.62,0.93,0.05,0.02,0.11
"361",68.68,0.8,0.62,0.93,0.05,0.02,0.11
"362",68.87,0.8,0.62,0.93,0.05,0.02,0.11
"363",69.05,0.8,0.62,0.93,0.05,0.02,0.1
"364",69.24,0.8,0.62,0.93,0.05,0.02,0.1
"365",69.42,0.8,0.62,0.93,0.05,0.02,0.1
"366",69.61,0.8,0.62,0.93,0.05,0.02,0.1
"367",69.79,0.8,0.62,0.93,0.05,0.02,0.1
"368",69.98,0.8,0.62,0.93,0.05,0.02,0.1
"369",70.17,0.8,0.62,0.93,0.05,0.02,0.1
"370",70.35,0.8,0.62,0.93,0.05,0.02,0.1
"371",70.54,0.8,0.62,0.93,0.05,0.02,0.1
"372",70.72,0.8,0.62,0.93,0.05,0.02,0.1
"373",70.91,0.8,0.62,0.93,0.05,0.02,0.1
"374",71.09,0.8,0.62,0.93,0.05,0.02,0.1
"375",71.28,0.8,0.62,0.93,0.05,0.02,0.1
"376",71.46,0.8,0.62,0.93,0.05,0.02,0.1
"377",71.65,0.8,0.62,0.93,0.05,0.02,0.1
"378",71.83,0.8,0.62,0.93,0.05,0.02,0.1
"379",72.02,0.8,0.62,0.93,0.05,0.02,0.1
"380",72.2,0.8,0.62,0.93,0.05,0.02,0.1
"381",72.39,0.8,0.62,0.93,0.05,0.02,0.1
"382",72.57,0.8,0.62,0.93,0.05,0.02,0.1
"383",72.76,0.8,0.61,0.93,0.05,0.02,0.1
"384",72.94,0.8,0.61,0.93,0.05,0.02,0.1
"385",73.13,0.8,0.61,0.93,0.05,0.02,0.1
"386",73.31,0.8,0.61,0.93,0.05,0.02,0.1
"387",73.5,0.8,0.61,0.93,0.05,0.02,0.1
"388",73.68,0.8,0.61,0.93,0.05,0.02,0.1
"389",73.87,0.8,0.61,0.93,0.05,0.02,0.1
"390",74.06,0.8,0.61,0.93,0.05,0.02,0.1
"391",74.24,0.8,0.61,0.93,0.05,0.02,0.1
"392",74.43,0.8,0.61,0.93,0.05,0.02,0.1
"393",74.61,0.8,0.61,0.93,0.05,0.02,0.1
"394",74.8,0.8,0.61,0.93,0.05,0.02,0.1
"395",74.98,0.8,0.61,0.93,0.05,0.02,0.1
"396",75.17,0.8,0.61,0.93,0.05,0.02,0.1
"397",75.35,0.8,0.61,0.93,0.05,0.02,0.1
"398",75.54,0.8,0.61,0.93,0.05,0.02,0.1
"399",75.72,0.8,0.61,0.93,0.05,0.02,0.1
"400",75.91,0.8,0.61,0.93,0.05,0.02,0.1
"401",76.09,0.8,0.61,0.93,0.05,0.02,0.1
"402",76.28,0.8,0.61,0.93,0.05,0.02,0.1
"403",76.46,0.8,0.61,0.93,0.05,0.02,0.1
"404",76.65,0.8,0.61,0.93,0.05,0.02,0.1
"405",76.83,0.8,0.61,0.93,0.05,0.02,0.1
"406",77.02,0.8,0.61,0.93,0.05,0.02,0.1
"407",77.2,0.8,0.61,0.93,0.05,0.02,0.1
"408",77.39,0.8,0.61,0.93,0.05,0.02,0.1
"409",77.57,0.79,0.61,0.93,0.05,0.02,0.1
"410",77.76,0.79,0.61,0.93,0.05,0.02,0.1
"411",77.94,0.79,0.61,0.93,0.05,0.02,0.1
"412",78.13,0.79,0.61,0.93,0.05,0.02,0.1
"413",78.32,0.79,0.61,0.93,0.05,0.02,0.1
"414",78.5,0.79,0.61,0.93,0.05,0.02,0.1
"415",78.69,0.79,0.61,0.93,0.05,0.02,0.1
"416",78.87,0.79,0.61,0.93,0.05,0.01,0.1
"417",79.06,0.79,0.61,0.93,0.05,0.01,0.1
"418",79.24,0.79,0.61,0.93,0.05,0.01,0.1
"419",79.43,0.79,0.61,0.93,0.05,0.01,0.1
"420",79.61,0.79,0.61,0.93,0.05,0.01,0.1
"421",79.8,0.79,0.61,0.93,0.05,0.01,0.1
"422",79.98,0.79,0.61,0.93,0.05,0.01,0.1
"423",80.17,0.79,0.61,0.93,0.05,0.01,0.1
"424",80.35,0.79,0.61,0.92,0.05,0.01,0.1
"425",80.54,0.79,0.61,0.92,0.05,0.01,0.1
"426",80.72,0.79,0.61,0.92,0.05,0.01,0.1
"427",80.91,0.79,0.61,0.92,0.05,0.01,0.1
"428",81.09,0.79,0.61,0.92,0.05,0.01,0.1
"429",81.28,0.79,0.61,0.92,0.05,0.01,0.1
"430",81.46,0.79,0.61,0.92,0.05,0.01,0.1
"431",81.65,0.79,0.61,0.92,0.05,0.01,0.1
"432",81.83,0.79,0.61,0.92,0.05,0.01,0.1
"433",82.02,0.79,0.61,0.92,0.05,0.01,0.1
"434",82.21,0.79,0.61,0.92,0.05,0.01,0.1
"435",82.39,0.79,0.61,0.92,0.05,0.01,0.1
"436",82.58,0.79,0.61,0.92,0.05,0.01,0.1
"437",82.76,0.79,0.61,0.92,0.05,0.01,0.1
"438",82.95,0.79,0.61,0.92,0.05,0.01,0.1
"439",83.13,0.79,0.61,0.92,0.05,0.01,0.1
"440",83.32,0.79,0.61,0.92,0.05,0.01,0.1
"441",83.5,0.79,0.61,0.92,0.05,0.01,0.1
"442",83.69,0.79,0.61,0.92,0.05,0.01,0.1
"443",83.87,0.79,0.61,0.92,0.05,0.01,0.1
"444",84.06,0.79,0.61,0.92,0.05,0.01,0.1
"445",84.24,0.79,0.61,0.92,0.05,0.01,0.1
"446",84.43,0.79,0.61,0.92,0.05,0.01,0.1
"447",84.61,0.79,0.6,0.92,0.05,0.01,0.1
"448",84.8,0.79,0.6,0.92,0.05,0.01,0.1
"449",84.98,0.79,0.6,0.92,0.05,0.01,0.1
"450",85.17,0.79,0.6,0.92,0.05,0.01,0.1
"451",85.35,0.79,0.6,0.92,0.05,0.01,0.1
"452",85.54,0.79,0.6,0.92,0.05,0.01,0.1
"453",85.72,0.79,0.6,0.92,0.05,0.01,0.1
"454",85.91,0.79,0.6,0.92,0.05,0.01,0.1
"455",86.1,0.79,0.6,0.92,0.05,0.01,0.1
"456",86.28,0.79,0.6,0.92,0.05,0.01,0.1
"457",86.47,0.79,0.6,0.92,0.05,0.01,0.1
"458",86.65,0.79,0.6,0.92,0.05,0.01,0.1
"459",86.84,0.79,0.6,0.92,0.05,0.01,0.1
"460",87.02,0.79,0.6,0.92,0.05,0.01,0.1
"461",87.21,0.79,0.6,0.92,0.05,0.01,0.1
"462",87.39,0.79,0.6,0.92,0.05,0.01,0.1
"463",87.58,0.79,0.6,0.92,0.05,0.01,0.1
"464",87.76,0.79,0.6,0.92,0.05,0.01,0.1
"465",87.95,0.79,0.6,0.92,0.05,0.01,0.1
"466",88.13,0.79,0.6,0.92,0.05,0.01,0.1
"467",88.32,0.79,0.6,0.92,0.05,0.01,0.1
"468",88.5,0.79,0.6,0.92,0.05,0.01,0.1
"469",88.69,0.79,0.6,0.92,0.05,0.01,0.1
"470",88.87,0.79,0.6,0.92,0.04,0.01,0.1
"471",89.06,0.79,0.6,0.92,0.04,0.01,0.1
"472",89.24,0.79,0.6,0.92,0.04,0.01,0.1
"473",89.43,0.79,0.6,0.92,0.04,0.01,0.1
"474",89.61,0.79,0.6,0.92,0.04,0.01,0.1
"475",89.8,0.79,0.6,0.92,0.04,0.01,0.1
"476",89.98,0.79,0.6,0.92,0.04,0.01,0.1
"477",90.17,0.79,0.6,0.92,0.04,0.01,0.1
"478",90.36,0.79,0.6,0.92,0.04,0.01,0.1
"479",90.54,0.79,0.6,0.92,0.04,0.01,0.1
"480",90.73,0.79,0.6,0.92,0.04,0.01,0.1
"481",90.91,0.79,0.6,0.92,0.04,0.01,0.1
"482",91.1,0.79,0.6,0.92,0.04,0.01,0.1
"483",91.28,0.79,0.6,0.92,0.04,0.01,0.1
"484",91.47,0.79,0.6,0.92,0.04,0.01,0.1
"485",91.65,0.79,0.6,0.92,0.04,0.01,0.1
"486",91.84,0.79,0.6,0.92,0.04,0.01,0.1
"487",92.02,0.79,0.6,0.92,0.04,0.01,0.1
"488",92.21,0.79,0.6,0.92,0.04,0.01,0.1
"489",92.39,0.79,0.6,0.92,0.04,0.01,0.1
"490",92.58,0.79,0.6,0.92,0.04,0.01,0.1
"491",92.76,0.79,0.6,0.92,0.04,0.01,0.1
"492",92.95,0.79,0.6,0.92,0.04,0.01,0.1
"493",93.13,0.79,0.6,0.92,0.04,0.01,0.1
"494",93.32,0.79,0.6,0.92,0.04,0.01,0.1
"495",93.5,0.79,0.6,0.92,0.04,0.01,0.09
"496",93.69,0.79,0.6,0.92,0.04,0.01,0.09
"497",93.87,0.79,0.6,0.92,0.04,0.01,0.09
"498",94.06,0.79,0.6,0.92,0.04,0.01,0.09
"499",94.25,0.79,0.6,0.92,0.04,0.01,0.09
"500",94.43,0.79,0.6,0.92,0.04,0.01,0.09
"501",94.62,0.79,0.6,0.92,0.04,0.01,0.09
"502",94.8,0.78,0.6,0.92,0.04,0.01,0.09
"503",94.99,0.78,0.6,0.92,0.04,0.01,0.09
"504",95.17,0.78,0.6,0.92,0.04,0.01,0.09
"505",95.36,0.78,0.6,0.92,0.04,0.01,0.09
"506",95.54,0.78,0.6,0.92,0.04,0.01,0.09
"507",95.73,0.78,0.6,0.92,0.04,0.01,0.09
"508",95.91,0.78,0.6,0.92,0.04,0.01,0.09
"509",96.1,0.78,0.6,0.92,0.04,0.01,0.09
"510",96.28,0.78,0.6,0.92,0.04,0.01,0.09
"511",96.47,0.78,0.6,0.92,0.04,0.01,0.09
"512",96.65,0.78,0.59,0.92,0.04,0.01,0.09
"513",96.84,0.78,0.59,0.92,0.04,0.01,0.09
"514",97.02,0.78,0.59,0.92,0.04,0.01,0.09
"515",97.21,0.78,0.59,0.92,0.04,0.01,0.09
"516",97.39,0.78,0.59,0.92,0.04,0.01,0.09
"517",97.58,0.78,0.59,0.92,0.04,0.01,0.09
"518",97.76,0.78,0.59,0.92,0.04,0.01,0.09
"519",97.95,0.78,0.59,0.92,0.04,0.01,0.09
"520",98.14,0.78,0.59,0.92,0.04,0.01,0.09
"521",98.32,0.78,0.59,0.92,0.04,0.01,0.09
"522",98.51,0.78,0.59,0.92,0.04,0.01,0.09
"523",98.69,0.78,0.59,0.92,0.04,0.01,0.09
"524",98.88,0.78,0.59,0.92,0.04,0.01,0.09
"525",99.06,0.78,0.59,0.92,0.04,0.01,0.09
"526",99.25,0.78,0.59,0.92,0.04,0.01,0.09
"527",99.43,0.78,0.59,0.92,0.04,0.01,0.09
"528",99.62,0.78,0.59,0.92,0.04,0.01,0.09
"529",99.8,0.78,0.59,0.92,0.04,0.01,0.09
"530",99.99,0.78,0.59,0.92,0.04,0.01,0.09
"531",100.17,0.78,0.59,0.92,0.04,0.01,0.09
"532",100.36,0.78,0.59,0.92,0.04,0.01,0.09
"533",100.54,0.78,0.59,0.92,0.04,0.01,0.09
"534",100.73,0.78,0.59,0.92,0.04,0.01,0.09
"535",100.91,0.78,0.59,0.92,0.04,0.01,0.09
"536",101.1,0.78,0.59,0.92,0.04,0.01,0.09
"537",101.28,0.78,0.59,0.92,0.04,0.01,0.09
"538",101.47,0.78,0.59,0.92,0.04,0.01,0.09
"539",101.65,0.78,0.59,0.92,0.04,0.01,0.09
"540",101.84,0.78,0.59,0.92,0.04,0.01,0.09
"541",102.03,0.78,0.59,0.92,0.04,0.01,0.09
"542",102.21,0.78,0.59,0.92,0.04,0.01,0.09
"543",102.4,0.78,0.59,0.92,0.04,0.01,0.09
"544",102.58,0.78,0.59,0.92,0.04,0.01,0.09
"545",102.77,0.78,0.59,0.92,0.04,0.01,0.09
"546",102.95,0.78,0.59,0.92,0.04,0.01,0.09
"547",103.14,0.78,0.59,0.92,0.04,0.01,0.09
"548",103.32,0.78,0.59,0.92,0.04,0.01,0.09
"549",103.51,0.78,0.59,0.92,0.04,0.01,0.09
"550",103.69,0.78,0.59,0.92,0.04,0.01,0.09
"551",103.88,0.78,0.59,0.92,0.04,0.01,0.09
"552",104.06,0.78,0.59,0.92,0.04,0.01,0.09
"553",104.25,0.78,0.59,0.92,0.04,0.01,0.09
"554",104.43,0.78,0.59,0.92,0.04,0.01,0.09
"555",104.62,0.78,0.59,0.92,0.04,0.01,0.09
"556",104.8,0.78,0.59,0.92,0.04,0.01,0.09
"557",104.99,0.78,0.59,0.92,0.04,0.01,0.09
"558",105.17,0.78,0.59,0.92,0.04,0.01,0.09
"559",105.36,0.78,0.59,0.92,0.04,0.01,0.09
"560",105.54,0.78,0.59,0.92,0.04,0.01,0.09
"561",105.73,0.78,0.59,0.92,0.04,0.01,0.09
"562",105.91,0.78,0.59,0.92,0.04,0.01,0.09
"563",106.1,0.78,0.59,0.92,0.04,0.01,0.09
"564",106.29,0.78,0.59,0.92,0.04,0.01,0.09
"565",106.47,0.78,0.59,0.92,0.04,0.01,0.09
"566",106.66,0.78,0.59,0.92,0.04,0.01,0.09
"567",106.84,0.78,0.59,0.92,0.04,0.01,0.09
"568",107.03,0.78,0.59,0.92,0.04,0.01,0.09
"569",107.21,0.78,0.59,0.92,0.04,0.01,0.09
"570",107.4,0.78,0.59,0.92,0.04,0.01,0.09
"571",107.58,0.78,0.59,0.92,0.04,0.01,0.09
"572",107.77,0.78,0.59,0.92,0.04,0.01,0.09
"573",107.95,0.78,0.59,0.92,0.04,0.01,0.09
"574",108.14,0.78,0.59,0.92,0.04,0.01,0.09
"575",108.32,0.78,0.59,0.92,0.04,0.01,0.09
"576",108.51,0.78,0.59,0.92,0.04,0.01,0.09
"577",108.69,0.78,0.59,0.92,0.04,0.01,0.09
"578",108.88,0.78,0.59,0.92,0.04,0.01,0.09
"579",109.06,0.78,0.59,0.92,0.04,0.01,0.09
"580",109.25,0.78,0.59,0.92,0.04,0.01,0.09
"581",109.43,0.78,0.59,0.92,0.04,0.01,0.09
"582",109.62,0.78,0.58,0.92,0.04,0.01,0.09
"583",109.8,0.78,0.58,0.92,0.04,0.01,0.09
"584",109.99,0.78,0.58,0.92,0.04,0.01,0.09
"585",110.18,0.78,0.58,0.92,0.04,0.01,0.09
"586",110.36,0.78,0.58,0.92,0.04,0.01,0.09
"587",110.55,0.78,0.58,0.92,0.04,0.01,0.09
"588",110.73,0.78,0.58,0.92,0.04,0.01,0.09
"589",110.92,0.78,0.58,0.92,0.04,0.01,0.09
"590",111.1,0.78,0.58,0.92,0.04,0.01,0.09
"591",111.29,0.78,0.58,0.92,0.04,0.01,0.09
"592",111.47,0.78,0.58,0.92,0.04,0.01,0.09
"593",111.66,0.78,0.58,0.92,0.04,0.01,0.09
"594",111.84,0.78,0.58,0.92,0.04,0.01,0.09
"595",112.03,0.78,0.58,0.92,0.04,0.01,0.09
"596",112.21,0.78,0.58,0.92,0.04,0.01,0.09
"597",112.4,0.78,0.58,0.92,0.04,0.01,0.09
"598",112.58,0.78,0.58,0.92,0.04,0.01,0.09
"599",112.77,0.78,0.58,0.92,0.04,0.01,0.09
"600",112.95,0.78,0.58,0.92,0.04,0.01,0.09
"601",113.14,0.78,0.58,0.92,0.04,0.01,0.09
"602",113.32,0.78,0.58,0.92,0.04,0.01,0.09
"603",113.51,0.78,0.58,0.92,0.04,0.01,0.09
"604",113.69,0.78,0.58,0.92,0.04,0.01,0.09
"605",113.88,0.78,0.58,0.92,0.04,0.01,0.09
"606",114.07,0.78,0.58,0.92,0.04,0.01,0.09
"607",114.25,0.78,0.58,0.92,0.04,0.01,0.09
"608",114.44,0.78,0.58,0.92,0.04,0.01,0.09
"609",114.62,0.78,0.58,0.92,0.04,0.01,0.09
"610",114.81,0.78,0.58,0.92,0.04,0.01,0.09
"611",114.99,0.77,0.58,0.92,0.04,0.01,0.09
"612",115.18,0.77,0.58,0.92,0.04,0.01,0.09
"613",115.36,0.77,0.58,0.92,0.04,0.01,0.09
"614",115.55,0.77,0.58,0.92,0.04,0.01,0.09
"615",115.73,0.77,0.58,0.92,0.04,0.01,0.09
"616",115.92,0.77,0.58,0.92,0.04,0.01,0.09
"617",116.1,0.77,0.58,0.92,0.04,0.01,0.09
"618",116.29,0.77,0.58,0.92,0.04,0.01,0.09
"619",116.47,0.77,0.58,0.92,0.04,0.01,0.09
"620",116.66,0.77,0.58,0.92,0.04,0.01,0.09
"621",116.84,0.77,0.58,0.92,0.04,0.01,0.09
"622",117.03,0.77,0.58,0.92,0.04,0.01,0.09
"623",117.21,0.77,0.58,0.92,0.04,0.01,0.09
"624",117.4,0.77,0.58,0.92,0.04,0.01,0.09
"625",117.58,0.77,0.58,0.92,0.04,0.01,0.09
"626",117.77,0.77,0.58,0.92,0.04,0.01,0.09
"627",117.95,0.77,0.58,0.92,0.04,0.01,0.09
"628",118.14,0.77,0.58,0.92,0.04,0.01,0.09
"629",118.33,0.77,0.58,0.92,0.04,0.01,0.09
"630",118.51,0.77,0.58,0.92,0.04,0.01,0.09
"631",118.7,0.77,0.58,0.92,0.04,0.01,0.09
"632",118.88,0.77,0.58,0.92,0.04,0.01,0.09
"633",119.07,0.77,0.58,0.92,0.04,0.01,0.09
"634",119.25,0.77,0.58,0.92,0.04,0.01,0.09
"635",119.44,0.77,0.58,0.92,0.04,0.01,0.09
"636",119.62,0.77,0.58,0.91,0.04,0.01,0.09
"637",119.81,0.77,0.58,0.91,0.04,0.01,0.09
"638",119.99,0.77,0.58,0.91,0.04,0.01,0.09
"639",120.18,0.77,0.58,0.91,0.04,0.01,0.09
"640",120.36,0.77,0.58,0.91,0.04,0.01,0.09
"641",120.55,0.77,0.58,0.91,0.04,0.01,0.09
"642",120.73,0.77,0.58,0.91,0.04,0.01,0.09
"643",120.92,0.77,0.58,0.91,0.04,0.01,0.09
"644",121.1,0.77,0.58,0.91,0.04,0.01,0.09
"645",121.29,0.77,0.58,0.91,0.04,0.01,0.09
"646",121.47,0.77,0.58,0.91,0.04,0.01,0.09
"647",121.66,0.77,0.58,0.91,0.04,0.01,0.09
"648",121.84,0.77,0.58,0.91,0.04,0.01,0.09
"649",122.03,0.77,0.58,0.91,0.04,0.01,0.09
"650",122.22,0.77,0.58,0.91,0.04,0.01,0.09
"651",122.4,0.77,0.58,0.91,0.04,0.01,0.09
"652",122.59,0.77,0.58,0.91,0.04,0.01,0.09
"653",122.77,0.77,0.58,0.91,0.04,0.01,0.09
"654",122.96,0.77,0.58,0.91,0.04,0.01,0.09
"655",123.14,0.77,0.58,0.91,0.04,0.01,0.09
"656",123.33,0.77,0.57,0.91,0.04,0.01,0.09
"657",123.51,0.77,0.57,0.91,0.04,0.01,0.09
"658",123.7,0.77,0.57,0.91,0.04,0.01,0.09
"659",123.88,0.77,0.57,0.91,0.04,0.01,0.09
"660",124.07,0.77,0.57,0.91,0.04,0.01,0.09
"661",124.25,0.77,0.57,0.91,0.04,0.01,0.09
"662",124.44,0.77,0.57,0.91,0.04,0.01,0.09
"663",124.62,0.77,0.57,0.91,0.04,0.01,0.09
"664",124.81,0.77,0.57,0.91,0.04,0.01,0.09
"665",124.99,0.77,0.57,0.91,0.04,0.01,0.09
"666",125.18,0.77,0.57,0.91,0.04,0.01,0.09
"667",125.36,0.77,0.57,0.91,0.04,0.01,0.09
"668",125.55,0.77,0.57,0.91,0.04,0.01,0.09
"669",125.73,0.77,0.57,0.91,0.04,0.01,0.09
"670",125.92,0.77,0.57,0.91,0.04,0.01,0.09
"671",126.11,0.77,0.57,0.91,0.04,0.01,0.09
"672",126.29,0.77,0.57,0.91,0.04,0.01,0.09
"673",126.48,0.77,0.57,0.91,0.04,0.01,0.09
"674",126.66,0.77,0.57,0.91,0.04,0.01,0.09
"675",126.85,0.77,0.57,0.91,0.04,0.01,0.09
"676",127.03,0.77,0.57,0.91,0.04,0.01,0.09
"677",127.22,0.77,0.57,0.91,0.04,0.01,0.09
"678",127.4,0.77,0.57,0.91,0.04,0.01,0.09
"679",127.59,0.77,0.57,0.91,0.04,0.01,0.09
"680",127.77,0.77,0.57,0.91,0.04,0.01,0.09
"681",127.96,0.77,0.57,0.91,0.04,0.01,0.09
"682",128.14,0.77,0.57,0.91,0.04,0.01,0.09
"683",128.33,0.77,0.57,0.91,0.04,0.01,0.09
"684",128.51,0.77,0.57,0.91,0.04,0.01,0.09
"685",128.7,0.77,0.57,0.91,0.04,0.01,0.09
"686",128.88,0.77,0.57,0.91,0.04,0.01,0.09
"687",129.07,0.77,0.57,0.91,0.04,0.01,0.09
"688",129.25,0.77,0.57,0.91,0.04,0.01,0.09
"689",129.44,0.77,0.57,0.91,0.04,0.01,0.09
"690",129.62,0.77,0.57,0.91,0.04,0.01,0.09
"691",129.81,0.77,0.57,0.91,0.04,0.01,0.09
"692",129.99,0.77,0.57,0.91,0.04,0.01,0.09
"693",130.18,0.77,0.57,0.91,0.04,0.01,0.08
"694",130.37,0.77,0.57,0.91,0.04,0.01,0.08
"695",130.55,0.77,0.57,0.91,0.04,0.01,0.08
"696",130.74,0.77,0.57,0.91,0.04,0.01,0.08
"697",130.92,0.77,0.57,0.91,0.04,0.01,0.08
"698",131.11,0.77,0.57,0.91,0.04,0.01,0.08
"699",131.29,0.77,0.57,0.91,0.04,0.01,0.08
"700",131.48,0.77,0.57,0.91,0.04,0.01,0.08
"701",131.66,0.77,0.57,0.91,0.04,0.01,0.08
"702",131.85,0.77,0.57,0.91,0.04,0.01,0.08
"703",132.03,0.77,0.57,0.91,0.04,0.01,0.08
"704",132.22,0.77,0.57,0.91,0.04,0.01,0.08
"705",132.4,0.77,0.57,0.91,0.04,0.01,0.08
"706",132.59,0.77,0.57,0.91,0.04,0.01,0.08
"707",132.77,0.77,0.57,0.91,0.04,0.01,0.08
"708",132.96,0.77,0.57,0.91,0.04,0.01,0.08
"709",133.14,0.77,0.57,0.91,0.04,0.01,0.08
"710",133.33,0.77,0.57,0.91,0.04,0.01,0.08
"711",133.51,0.77,0.57,0.91,0.04,0.01,0.08
"712",133.7,0.77,0.57,0.91,0.04,0.01,0.08
"713",133.88,0.77,0.57,0.91,0.04,0.01,0.08
"714",134.07,0.77,0.57,0.91,0.04,0.01,0.08
"715",134.26,0.77,0.57,0.91,0.04,0.01,0.08
"716",134.44,0.77,0.57,0.91,0.04,0.01,0.08
"717",134.63,0.77,0.57,0.91,0.04,0.01,0.08
"718",134.81,0.77,0.57,0.91,0.04,0.01,0.08
"719",135,0.77,0.57,0.91,0.04,0.01,0.08
"720",135.18,0.77,0.57,0.91,0.04,0.01,0.08
"721",135.37,0.77,0.57,0.91,0.04,0.01,0.08
"722",135.55,0.77,0.57,0.91,0.04,0.01,0.08
"723",135.74,0.77,0.57,0.91,0.04,0.01,0.08
"724",135.92,0.77,0.57,0.91,0.04,0.01,0.08
"725",136.11,0.77,0.57,0.91,0.04,0.01,0.08
"726",136.29,0.77,0.57,0.91,0.04,0.01,0.08
"727",136.48,0.77,0.57,0.91,0.04,0.01,0.08
"728",136.66,0.77,0.57,0.91,0.04,0.01,0.08
"729",136.85,0.77,0.57,0.91,0.04,0.01,0.08
"730",137.03,0.77,0.57,0.91,0.04,0.01,0.08
"731",137.22,0.77,0.57,0.91,0.04,0.01,0.08
"732",137.4,0.77,0.56,0.91,0.04,0.01,0.08
"733",137.59,0.77,0.56,0.91,0.04,0.01,0.08
"734",137.77,0.77,0.56,0.91,0.04,0.01,0.08
"735",137.96,0.77,0.56,0.91,0.04,0.01,0.08
"736",138.15,0.77,0.56,0.91,0.04,0.01,0.08
"737",138.33,0.77,0.56,0.91,0.04,0.01,0.08
"738",138.52,0.77,0.56,0.91,0.04,0.01,0.08
"739",138.7,0.77,0.56,0.91,0.04,0.01,0.08
"740",138.89,0.76,0.56,0.91,0.04,0.01,0.08
"741",139.07,0.76,0.56,0.91,0.04,0.01,0.08
"742",139.26,0.76,0.56,0.91,0.04,0.01,0.08
"743",139.44,0.76,0.56,0.91,0.04,0.01,0.08
"744",139.63,0.76,0.56,0.91,0.04,0.01,0.08
"745",139.81,0.76,0.56,0.91,0.04,0.01,0.08
"746",140,0.76,0.56,0.91,0.04,0.01,0.08
"747",140.18,0.76,0.56,0.91,0.04,0.01,0.08
"748",140.37,0.76,0.56,0.91,0.04,0.01,0.08
"749",140.55,0.76,0.56,0.91,0.04,0.01,0.08
"750",140.74,0.76,0.56,0.91,0.04,0.01,0.08
"751",140.92,0.76,0.56,0.91,0.04,0.01,0.08
"752",141.11,0.76,0.56,0.91,0.04,0.01,0.08
"753",141.29,0.76,0.56,0.91,0.04,0.01,0.08
"754",141.48,0.76,0.56,0.91,0.04,0.01,0.08
"755",141.66,0.76,0.56,0.91,0.04,0.01,0.08
"756",141.85,0.76,0.56,0.91,0.04,0.01,0.08
"757",142.04,0.76,0.56,0.91,0.04,0.01,0.08
"758",142.22,0.76,0.56,0.91,0.04,0.01,0.08
"759",142.41,0.76,0.56,0.91,0.04,0.01,0.08
"760",142.59,0.76,0.56,0.91,0.04,0.01,0.08
"761",142.78,0.76,0.56,0.91,0.04,0.01,0.08
"762",142.96,0.76,0.56,0.91,0.04,0.01,0.08
"763",143.15,0.76,0.56,0.91,0.04,0.01,0.08
"764",143.33,0.76,0.56,0.91,0.04,0.01,0.08
"765",143.52,0.76,0.56,0.91,0.04,0.01,0.08
"766",143.7,0.76,0.56,0.91,0.04,0.01,0.08
"767",143.89,0.76,0.56,0.91,0.04,0.01,0.08
"768",144.07,0.76,0.56,0.91,0.04,0.01,0.08
"769",144.26,0.76,0.56,0.91,0.04,0.01,0.08
"770",144.44,0.76,0.56,0.91,0.04,0.01,0.08
"771",144.63,0.76,0.56,0.91,0.04,0.01,0.08
"772",144.81,0.76,0.56,0.91,0.04,0.01,0.08
"773",145,0.76,0.56,0.91,0.04,0.01,0.08
"774",145.18,0.76,0.56,0.91,0.04,0.01,0.08
"775",145.37,0.76,0.56,0.91,0.04,0.01,0.08
"776",145.55,0.76,0.56,0.91,0.04,0.01,0.08
"777",145.74,0.76,0.56,0.91,0.04,0.01,0.08
"778",145.92,0.76,0.56,0.91,0.04,0.01,0.08
"779",146.11,0.76,0.56,0.91,0.04,0.01,0.08
"780",146.3,0.76,0.56,0.91,0.04,0.01,0.08
"781",146.48,0.76,0.56,0.91,0.04,0.01,0.08
"782",146.67,0.76,0.56,0.91,0.04,0.01,0.08
"783",146.85,0.76,0.56,0.91,0.04,0.01,0.08
"784",147.04,0.76,0.56,0.91,0.04,0.01,0.08
"785",147.22,0.76,0.56,0.91,0.04,0.01,0.08
"786",147.41,0.76,0.56,0.91,0.04,0.01,0.08
"787",147.59,0.76,0.56,0.91,0.04,0.01,0.08
"788",147.78,0.76,0.56,0.91,0.04,0.01,0.08
"789",147.96,0.76,0.56,0.91,0.04,0.01,0.08
"790",148.15,0.76,0.56,0.91,0.04,0.01,0.08
"791",148.33,0.76,0.56,0.91,0.04,0.01,0.08
"792",148.52,0.76,0.56,0.91,0.04,0.01,0.08
"793",148.7,0.76,0.56,0.91,0.04,0.01,0.08
"794",148.89,0.76,0.56,0.91,0.04,0.01,0.08
"795",149.07,0.76,0.56,0.91,0.04,0.01,0.08
"796",149.26,0.76,0.56,0.91,0.04,0.01,0.08
"797",149.44,0.76,0.56,0.91,0.04,0.01,0.08
"798",149.63,0.76,0.56,0.91,0.04,0.01,0.08
"799",149.81,0.76,0.56,0.91,0.04,0.01,0.08
"800",150,0.76,0.56,0.91,0.04,0.01,0.08
