"thres","X1","X2","X3","X1.1","X2.1","X3.1"
"1",2,0.81,0.5,1,0.22,0.02,0.46
"2",2.19,0.81,0.5,1,0.21,0.02,0.46
"3",2.37,0.81,0.5,1,0.2,0.02,0.45
"4",2.56,0.8,0.5,1,0.2,0.01,0.45
"5",2.74,0.8,0.5,1,0.19,0.01,0.44
"6",2.93,0.8,0.5,1,0.19,0.01,0.44
"7",3.11,0.79,0.5,1,0.18,0.01,0.44
"8",3.3,0.79,0.5,1,0.18,0.01,0.43
"9",3.48,0.79,0.5,1,0.18,0.01,0.43
"10",3.67,0.79,0.5,1,0.17,0.01,0.43
"11",3.85,0.79,0.5,1,0.17,0.01,0.43
"12",4.04,0.78,0.5,1,0.17,0.01,0.42
"13",4.22,0.78,0.5,1,0.16,0.01,0.42
"14",4.41,0.78,0.5,1,0.16,0.01,0.42
"15",4.59,0.78,0.5,1,0.16,0.01,0.41
"16",4.78,0.78,0.5,1,0.16,0.01,0.41
"17",4.96,0.77,0.5,1,0.15,0.01,0.41
"18",5.15,0.77,0.5,1,0.15,0.01,0.41
"19",5.33,0.77,0.5,1,0.15,0.01,0.41
"20",5.52,0.77,0.5,1,0.15,0.01,0.4
"21",5.7,0.77,0.5,1,0.14,0.01,0.4
"22",5.89,0.77,0.5,1,0.14,0.01,0.4
"23",6.08,0.77,0.5,1,0.14,0,0.4
"24",6.26,0.76,0.5,1,0.14,0,0.4
"25",6.45,0.76,0.5,1,0.14,0,0.4
"26",6.63,0.76,0.5,1,0.14,0,0.4
"27",6.82,0.76,0.5,1,0.13,0,0.39
"28",7,0.76,0.5,1,0.13,0,0.39
"29",7.19,0.76,0.5,1,0.13,0,0.39
"30",7.37,0.76,0.5,1,0.13,0,0.39
"31",7.56,0.76,0.5,1,0.13,0,0.39
"32",7.74,0.76,0.5,1,0.13,0,0.39
"33",7.93,0.75,0.5,1,0.13,0,0.39
"34",8.11,0.75,0.5,1,0.13,0,0.38
"35",8.3,0.75,0.5,1,0.12,0,0.38
"36",8.48,0.75,0.5,1,0.12,0,0.38
"37",8.67,0.75,0.5,1,0.12,0,0.38
"38",8.85,0.75,0.5,1,0.12,0,0.38
"39",9.04,0.75,0.5,1,0.12,0,0.38
"40",9.22,0.75,0.5,1,0.12,0,0.38
"41",9.41,0.75,0.5,1,0.12,0,0.38
"42",9.59,0.74,0.5,1,0.12,0,0.37
"43",9.78,0.74,0.5,1,0.12,0,0.37
"44",9.96,0.74,0.5,1,0.12,0,0.37
"45",10.15,0.74,0.5,1,0.11,0,0.37
"46",10.34,0.74,0.5,1,0.11,0,0.37
"47",10.52,0.74,0.5,1,0.11,0,0.37
"48",10.71,0.74,0.5,1,0.11,0,0.37
"49",10.89,0.74,0.5,1,0.11,0,0.37
"50",11.08,0.74,0.5,1,0.11,0,0.37
"51",11.26,0.74,0.5,1,0.11,0,0.37
"52",11.45,0.74,0.5,1,0.11,0,0.37
"53",11.63,0.74,0.5,1,0.11,0,0.37
"54",11.82,0.73,0.5,1,0.11,0,0.36
"55",12,0.73,0.5,1,0.11,0,0.36
"56",12.19,0.73,0.5,1,0.11,0,0.36
"57",12.37,0.73,0.5,1,0.11,0,0.36
"58",12.56,0.73,0.5,1,0.1,0,0.36
"59",12.74,0.73,0.5,1,0.1,0,0.36
"60",12.93,0.73,0.5,1,0.1,0,0.36
"61",13.11,0.73,0.5,1,0.1,0,0.36
"62",13.3,0.73,0.5,1,0.1,0,0.36
"63",13.48,0.73,0.5,1,0.1,0,0.36
"64",13.67,0.73,0.5,1,0.1,0,0.36
"65",13.85,0.73,0.5,1,0.1,0,0.36
"66",14.04,0.73,0.5,1,0.1,0,0.36
"67",14.23,0.73,0.5,1,0.1,0,0.36
"68",14.41,0.72,0.5,1,0.1,0,0.36
"69",14.6,0.72,0.5,1,0.1,0,0.36
"70",14.78,0.72,0.5,1,0.1,0,0.35
"71",14.97,0.72,0.5,1,0.1,0,0.35
"72",15.15,0.72,0.5,1,0.1,0,0.35
"73",15.34,0.72,0.5,1,0.1,0,0.35
"74",15.52,0.72,0.5,1,0.1,0,0.35
"75",15.71,0.72,0.5,1,0.1,0,0.35
"76",15.89,0.72,0.5,1,0.09,0,0.35
"77",16.08,0.72,0.5,1,0.09,0,0.35
"78",16.26,0.72,0.5,1,0.09,0,0.35
"79",16.45,0.72,0.5,1,0.09,0,0.35
"80",16.63,0.72,0.5,1,0.09,0,0.35
"81",16.82,0.72,0.5,1,0.09,0,0.35
"82",17,0.72,0.5,1,0.09,0,0.35
"83",17.19,0.72,0.5,1,0.09,0,0.35
"84",17.37,0.71,0.5,1,0.09,0,0.35
"85",17.56,0.71,0.5,1,0.09,0,0.35
"86",17.74,0.71,0.49,1,0.09,0,0.34
"87",17.93,0.71,0.49,1,0.09,0,0.34
"88",18.12,0.71,0.49,1,0.09,0,0.34
"89",18.3,0.71,0.49,1,0.09,0,0.34
"90",18.49,0.71,0.49,1,0.09,0,0.34
"91",18.67,0.71,0.49,1,0.09,0,0.34
"92",18.86,0.71,0.49,1,0.09,0,0.34
"93",19.04,0.71,0.49,1,0.09,0,0.34
"94",19.23,0.71,0.49,1,0.09,0,0.34
"95",19.41,0.71,0.49,1,0.09,0,0.34
"96",19.6,0.71,0.49,1,0.09,0,0.34
"97",19.78,0.71,0.49,1,0.09,0,0.34
"98",19.97,0.71,0.49,1,0.09,0,0.34
"99",20.15,0.71,0.49,1,0.09,0,0.34
"100",20.34,0.71,0.49,1,0.09,0,0.34
"101",20.52,0.71,0.49,1,0.08,0,0.34
"102",20.71,0.71,0.49,1,0.08,0,0.34
"103",20.89,0.71,0.49,1,0.08,0,0.34
"104",21.08,0.7,0.49,1,0.08,0,0.34
"105",21.26,0.7,0.49,1,0.08,0,0.34
"106",21.45,0.7,0.49,1,0.08,0,0.34
"107",21.63,0.7,0.49,1,0.08,0,0.34
"108",21.82,0.7,0.48,1,0.08,0,0.34
"109",22.01,0.7,0.48,1,0.08,0,0.33
"110",22.19,0.7,0.48,1,0.08,0,0.33
"111",22.38,0.7,0.48,1,0.08,0,0.33
"112",22.56,0.7,0.48,1,0.08,0,0.33
"113",22.75,0.7,0.48,1,0.08,0,0.33
"114",22.93,0.7,0.48,1,0.08,0,0.33
"115",23.12,0.7,0.48,1,0.08,0,0.33
"116",23.3,0.7,0.48,1,0.08,0,0.33
"117",23.49,0.7,0.48,1,0.08,0,0.33
"118",23.67,0.7,0.48,1,0.08,0,0.33
"119",23.86,0.7,0.48,1,0.08,0,0.33
"120",24.04,0.7,0.48,1,0.08,0,0.33
"121",24.23,0.7,0.48,1,0.08,0,0.33
"122",24.41,0.7,0.48,1,0.08,0,0.33
"123",24.6,0.7,0.48,1,0.08,0,0.33
"124",24.78,0.7,0.48,1,0.08,0,0.33
"125",24.97,0.7,0.48,1,0.08,0,0.33
"126",25.15,0.7,0.48,1,0.08,0,0.33
"127",25.34,0.69,0.47,1,0.08,0,0.33
"128",25.52,0.69,0.47,1,0.08,0,0.33
"129",25.71,0.69,0.47,1,0.08,0,0.33
"130",25.89,0.69,0.47,1,0.08,0,0.33
"131",26.08,0.69,0.47,1,0.08,0,0.33
"132",26.27,0.69,0.47,1,0.08,0,0.33
"133",26.45,0.69,0.47,1,0.08,0,0.33
"134",26.64,0.69,0.47,1,0.08,0,0.33
"135",26.82,0.69,0.47,1,0.08,0,0.33
"136",27.01,0.69,0.47,1,0.08,0,0.33
"137",27.19,0.69,0.47,1,0.08,0,0.33
"138",27.38,0.69,0.47,1,0.07,0,0.32
"139",27.56,0.69,0.47,1,0.07,0,0.32
"140",27.75,0.69,0.47,1,0.07,0,0.32
"141",27.93,0.69,0.47,1,0.07,0,0.32
"142",28.12,0.69,0.46,1,0.07,0,0.32
"143",28.3,0.69,0.46,1,0.07,0,0.32
"144",28.49,0.69,0.46,1,0.07,0,0.32
"145",28.67,0.69,0.46,1,0.07,0,0.32
"146",28.86,0.69,0.46,1,0.07,0,0.32
"147",29.04,0.69,0.46,1,0.07,0,0.32
"148",29.23,0.69,0.46,1,0.07,0,0.32
"149",29.41,0.69,0.46,1,0.07,0,0.32
"150",29.6,0.69,0.46,1,0.07,0,0.32
"151",29.78,0.69,0.46,1,0.07,0,0.32
"152",29.97,0.68,0.46,1,0.07,0,0.32
"153",30.16,0.68,0.46,1,0.07,0,0.32
"154",30.34,0.68,0.46,1,0.07,0,0.32
"155",30.53,0.68,0.46,1,0.07,0,0.32
"156",30.71,0.68,0.46,1,0.07,0,0.32
"157",30.9,0.68,0.46,1,0.07,0,0.32
"158",31.08,0.68,0.45,1,0.07,0,0.32
"159",31.27,0.68,0.45,1,0.07,0,0.32
"160",31.45,0.68,0.45,1,0.07,0,0.32
"161",31.64,0.68,0.45,1,0.07,0,0.32
"162",31.82,0.68,0.45,1,0.07,0,0.32
"163",32.01,0.68,0.45,1,0.07,0,0.32
"164",32.19,0.68,0.45,1,0.07,0,0.32
"165",32.38,0.68,0.45,1,0.07,0,0.32
"166",32.56,0.68,0.45,1,0.07,0,0.32
"167",32.75,0.68,0.45,1,0.07,0,0.32
"168",32.93,0.68,0.45,1,0.07,0,0.32
"169",33.12,0.68,0.45,1,0.07,0,0.32
"170",33.3,0.68,0.45,1,0.07,0,0.32
"171",33.49,0.68,0.44,1,0.07,0,0.32
"172",33.67,0.68,0.44,1,0.07,0,0.32
"173",33.86,0.68,0.44,1,0.07,0,0.32
"174",34.05,0.68,0.44,1,0.07,0,0.32
"175",34.23,0.68,0.44,1,0.07,0,0.32
"176",34.42,0.68,0.44,1,0.07,0,0.31
"177",34.6,0.68,0.44,1,0.07,0,0.31
"178",34.79,0.68,0.44,1,0.07,0,0.31
"179",34.97,0.68,0.44,1,0.07,0,0.31
"180",35.16,0.68,0.44,1,0.07,0,0.31
"181",35.34,0.67,0.44,1,0.07,0,0.31
"182",35.53,0.67,0.44,1,0.07,0,0.31
"183",35.71,0.67,0.44,1,0.07,0,0.31
"184",35.9,0.67,0.44,1,0.07,0,0.31
"185",36.08,0.67,0.44,1,0.07,0,0.31
"186",36.27,0.67,0.43,1,0.07,0,0.31
"187",36.45,0.67,0.43,1,0.07,0,0.31
"188",36.64,0.67,0.43,1,0.07,0,0.31
"189",36.82,0.67,0.43,1,0.07,0,0.31
"190",37.01,0.67,0.43,1,0.07,0,0.31
"191",37.19,0.67,0.43,1,0.07,0,0.31
"192",37.38,0.67,0.43,1,0.07,0,0.31
"193",37.56,0.67,0.43,1,0.07,0,0.31
"194",37.75,0.67,0.43,1,0.07,0,0.31
"195",37.93,0.67,0.43,1,0.07,0,0.31
"196",38.12,0.67,0.43,1,0.06,0,0.31
"197",38.31,0.67,0.43,1,0.06,0,0.31
"198",38.49,0.67,0.42,1,0.06,0,0.31
"199",38.68,0.67,0.42,1,0.06,0,0.31
"200",38.86,0.67,0.42,1,0.06,0,0.31
"201",39.05,0.67,0.42,1,0.06,0,0.31
"202",39.23,0.67,0.42,1,0.06,0,0.31
"203",39.42,0.67,0.42,1,0.06,0,0.31
"204",39.6,0.67,0.42,1,0.06,0,0.31
"205",39.79,0.67,0.42,1,0.06,0,0.31
"206",39.97,0.67,0.42,1,0.06,0,0.31
"207",40.16,0.67,0.42,1,0.06,0,0.31
"208",40.34,0.67,0.42,1,0.06,0,0.31
"209",40.53,0.67,0.42,1,0.06,0,0.31
"210",40.71,0.67,0.42,1,0.06,0,0.31
"211",40.9,0.67,0.42,1,0.06,0,0.31
"212",41.08,0.67,0.42,1,0.06,0,0.31
"213",41.27,0.67,0.41,1,0.06,0,0.31
"214",41.45,0.67,0.41,1,0.06,0,0.31
"215",41.64,0.67,0.41,1,0.06,0,0.31
"216",41.82,0.66,0.41,1,0.06,0,0.31
"217",42.01,0.66,0.41,1,0.06,0,0.31
"218",42.2,0.66,0.41,1,0.06,0,0.31
"219",42.38,0.66,0.41,1,0.06,0,0.31
"220",42.57,0.66,0.41,1,0.06,0,0.31
"221",42.75,0.66,0.41,1,0.06,0,0.31
"222",42.94,0.66,0.41,1,0.06,0,0.31
"223",43.12,0.66,0.41,1,0.06,0,0.31
"224",43.31,0.66,0.41,1,0.06,0,0.31
"225",43.49,0.66,0.41,1,0.06,0,0.3
"226",43.68,0.66,0.41,1,0.06,0,0.3
"227",43.86,0.66,0.41,1,0.06,0,0.3
"228",44.05,0.66,0.41,1,0.06,0,0.3
"229",44.23,0.66,0.4,1,0.06,0,0.3
"230",44.42,0.66,0.4,1,0.06,0,0.3
"231",44.6,0.66,0.4,1,0.06,0,0.3
"232",44.79,0.66,0.4,1,0.06,0,0.3
"233",44.97,0.66,0.4,1,0.06,0,0.3
"234",45.16,0.66,0.4,1,0.06,0,0.3
"235",45.34,0.66,0.4,1,0.06,0,0.3
"236",45.53,0.66,0.4,1,0.06,0,0.3
"237",45.71,0.66,0.4,1,0.06,0,0.3
"238",45.9,0.66,0.4,1,0.06,0,0.3
"239",46.09,0.66,0.4,1,0.06,0,0.3
"240",46.27,0.66,0.4,1,0.06,0,0.3
"241",46.46,0.66,0.4,1,0.06,0,0.3
"242",46.64,0.66,0.4,1,0.06,0,0.3
"243",46.83,0.66,0.39,1,0.06,0,0.3
"244",47.01,0.66,0.39,1,0.06,0,0.3
"245",47.2,0.66,0.39,1,0.06,0,0.3
"246",47.38,0.66,0.39,1,0.06,0,0.3
"247",47.57,0.66,0.39,1,0.06,0,0.3
"248",47.75,0.66,0.39,1,0.06,0,0.3
"249",47.94,0.66,0.39,1,0.06,0,0.3
"250",48.12,0.66,0.39,1,0.06,0,0.3
"251",48.31,0.66,0.39,1,0.06,0,0.3
"252",48.49,0.66,0.39,1,0.06,0,0.3
"253",48.68,0.66,0.39,1,0.06,0,0.3
"254",48.86,0.66,0.39,1,0.06,0,0.3
"255",49.05,0.66,0.39,1,0.06,0,0.3
"256",49.23,0.65,0.38,1,0.06,0,0.3
"257",49.42,0.65,0.38,1,0.06,0,0.3
"258",49.6,0.65,0.38,1,0.06,0,0.3
"259",49.79,0.65,0.38,1,0.06,0,0.3
"260",49.97,0.65,0.38,1,0.06,0,0.3
"261",50.16,0.65,0.38,1,0.06,0,0.3
"262",50.35,0.65,0.38,1,0.06,0,0.3
"263",50.53,0.65,0.38,1,0.06,0,0.3
"264",50.72,0.65,0.38,1,0.06,0,0.3
"265",50.9,0.65,0.38,1,0.06,0,0.3
"266",51.09,0.65,0.38,1,0.06,0,0.3
"267",51.27,0.65,0.38,1,0.06,0,0.3
"268",51.46,0.65,0.38,1,0.06,0,0.3
"269",51.64,0.65,0.38,1,0.06,0,0.3
"270",51.83,0.65,0.38,1,0.06,0,0.3
"271",52.01,0.65,0.37,1,0.06,0,0.3
"272",52.2,0.65,0.37,1,0.06,0,0.3
"273",52.38,0.65,0.37,1,0.06,0,0.3
"274",52.57,0.65,0.37,1,0.06,0,0.3
"275",52.75,0.65,0.37,1,0.06,0,0.3
"276",52.94,0.65,0.37,1,0.06,0,0.3
"277",53.12,0.65,0.37,1,0.06,0,0.3
"278",53.31,0.65,0.37,1,0.06,0,0.3
"279",53.49,0.65,0.37,1,0.06,0,0.3
"280",53.68,0.65,0.37,1,0.06,0,0.3
"281",53.86,0.65,0.37,1,0.06,0,0.3
"282",54.05,0.65,0.37,1,0.06,0,0.3
"283",54.24,0.65,0.37,1,0.06,0,0.3
"284",54.42,0.65,0.37,1,0.06,0,0.3
"285",54.61,0.65,0.37,1,0.06,0,0.3
"286",54.79,0.65,0.37,1,0.06,0,0.29
"287",54.98,0.65,0.36,1,0.06,0,0.29
"288",55.16,0.65,0.36,1,0.06,0,0.29
"289",55.35,0.65,0.36,1,0.06,0,0.29
"290",55.53,0.65,0.36,1,0.06,0,0.29
"291",55.72,0.65,0.36,1,0.05,0,0.29
"292",55.9,0.65,0.36,1,0.05,0,0.29
"293",56.09,0.65,0.36,1,0.05,0,0.29
"294",56.27,0.65,0.36,1,0.05,0,0.29
"295",56.46,0.65,0.36,1,0.05,0,0.29
"296",56.64,0.65,0.36,1,0.05,0,0.29
"297",56.83,0.65,0.36,1,0.05,0,0.29
"298",57.01,0.65,0.36,1,0.05,0,0.29
"299",57.2,0.65,0.35,1,0.05,0,0.29
"300",57.38,0.65,0.35,1,0.05,0,0.29
"301",57.57,0.64,0.35,1,0.05,0,0.29
"302",57.75,0.64,0.35,1,0.05,0,0.29
"303",57.94,0.64,0.35,1,0.05,0,0.29
"304",58.13,0.64,0.35,1,0.05,0,0.29
"305",58.31,0.64,0.35,1,0.05,0,0.29
"306",58.5,0.64,0.35,1,0.05,0,0.29
"307",58.68,0.64,0.35,1,0.05,0,0.29
"308",58.87,0.64,0.35,1,0.05,0,0.29
"309",59.05,0.64,0.35,1,0.05,0,0.29
"310",59.24,0.64,0.35,1,0.05,0,0.29
"311",59.42,0.64,0.35,1,0.05,0,0.29
"312",59.61,0.64,0.35,1,0.05,0,0.29
"313",59.79,0.64,0.35,1,0.05,0,0.29
"314",59.98,0.64,0.35,1,0.05,0,0.29
"315",60.16,0.64,0.35,1,0.05,0,0.29
"316",60.35,0.64,0.34,1,0.05,0,0.29
"317",60.53,0.64,0.34,1,0.05,0,0.29
"318",60.72,0.64,0.34,1,0.05,0,0.29
"319",60.9,0.64,0.34,1,0.05,0,0.29
"320",61.09,0.64,0.34,1,0.05,0,0.29
"321",61.27,0.64,0.34,1,0.05,0,0.29
"322",61.46,0.64,0.34,1,0.05,0,0.29
"323",61.64,0.64,0.34,1,0.05,0,0.29
"324",61.83,0.64,0.34,1,0.05,0,0.29
"325",62.02,0.64,0.34,1,0.05,0,0.29
"326",62.2,0.64,0.34,1,0.05,0,0.29
"327",62.39,0.64,0.34,1,0.05,0,0.29
"328",62.57,0.64,0.34,1,0.05,0,0.29
"329",62.76,0.64,0.34,1,0.05,0,0.29
"330",62.94,0.64,0.34,1,0.05,0,0.29
"331",63.13,0.64,0.34,1,0.05,0,0.29
"332",63.31,0.64,0.34,1,0.05,0,0.29
"333",63.5,0.64,0.33,1,0.05,0,0.29
"334",63.68,0.64,0.33,1,0.05,0,0.29
"335",63.87,0.64,0.33,1,0.05,0,0.29
"336",64.05,0.64,0.33,1,0.05,0,0.29
"337",64.24,0.64,0.33,1,0.05,0,0.29
"338",64.42,0.64,0.33,1,0.05,0,0.29
"339",64.61,0.64,0.33,1,0.05,0,0.29
"340",64.79,0.64,0.33,1,0.05,0,0.29
"341",64.98,0.64,0.33,1,0.05,0,0.29
"342",65.16,0.64,0.33,1,0.05,0,0.29
"343",65.35,0.64,0.33,1,0.05,0,0.29
"344",65.53,0.64,0.33,1,0.05,0,0.29
"345",65.72,0.64,0.33,1,0.05,0,0.29
"346",65.9,0.64,0.33,1,0.05,0,0.29
"347",66.09,0.64,0.33,1,0.05,0,0.29
"348",66.28,0.64,0.33,1,0.05,0,0.29
"349",66.46,0.64,0.33,1,0.05,0,0.29
"350",66.65,0.64,0.33,1,0.05,0,0.29
"351",66.83,0.64,0.32,1,0.05,0,0.29
"352",67.02,0.64,0.32,1,0.05,0,0.29
"353",67.2,0.64,0.32,1,0.05,0,0.29
"354",67.39,0.64,0.32,1,0.05,0,0.29
"355",67.57,0.64,0.32,1,0.05,0,0.29
"356",67.76,0.63,0.32,1,0.05,0,0.29
"357",67.94,0.63,0.32,1,0.05,0,0.29
"358",68.13,0.63,0.32,1,0.05,0,0.29
"359",68.31,0.63,0.32,1,0.05,0,0.29
"360",68.5,0.63,0.32,1,0.05,0,0.29
"361",68.68,0.63,0.32,1,0.05,0,0.29
"362",68.87,0.63,0.32,1,0.05,0,0.29
"363",69.05,0.63,0.32,1,0.05,0,0.29
"364",69.24,0.63,0.32,1,0.05,0,0.29
"365",69.42,0.63,0.32,1,0.05,0,0.29
"366",69.61,0.63,0.32,1,0.05,0,0.29
"367",69.79,0.63,0.32,1,0.05,0,0.29
"368",69.98,0.63,0.31,1,0.05,0,0.28
"369",70.17,0.63,0.31,1,0.05,0,0.28
"370",70.35,0.63,0.31,1,0.05,0,0.28
"371",70.54,0.63,0.31,1,0.05,0,0.28
"372",70.72,0.63,0.31,1,0.05,0,0.28
"373",70.91,0.63,0.31,1,0.05,0,0.28
"374",71.09,0.63,0.31,1,0.05,0,0.28
"375",71.28,0.63,0.31,1,0.05,0,0.28
"376",71.46,0.63,0.31,1,0.05,0,0.28
"377",71.65,0.63,0.31,1,0.05,0,0.28
"378",71.83,0.63,0.31,1,0.05,0,0.28
"379",72.02,0.63,0.31,1,0.05,0,0.28
"380",72.2,0.63,0.31,1,0.05,0,0.28
"381",72.39,0.63,0.31,1,0.05,0,0.28
"382",72.57,0.63,0.31,1,0.05,0,0.28
"383",72.76,0.63,0.3,1,0.05,0,0.28
"384",72.94,0.63,0.3,1,0.05,0,0.28
"385",73.13,0.63,0.3,1,0.05,0,0.28
"386",73.31,0.63,0.3,1,0.05,0,0.28
"387",73.5,0.63,0.3,1,0.05,0,0.28
"388",73.68,0.63,0.3,1,0.05,0,0.28
"389",73.87,0.63,0.3,1,0.05,0,0.28
"390",74.06,0.63,0.3,1,0.05,0,0.28
"391",74.24,0.63,0.3,1,0.05,0,0.28
"392",74.43,0.63,0.3,1,0.05,0,0.28
"393",74.61,0.63,0.3,1,0.05,0,0.28
"394",74.8,0.63,0.3,1,0.05,0,0.28
"395",74.98,0.63,0.3,1,0.05,0,0.28
"396",75.17,0.63,0.3,1,0.05,0,0.28
"397",75.35,0.63,0.3,1,0.05,0,0.28
"398",75.54,0.63,0.3,1,0.05,0,0.28
"399",75.72,0.63,0.3,1,0.05,0,0.28
"400",75.91,0.63,0.29,1,0.05,0,0.28
"401",76.09,0.63,0.29,1,0.05,0,0.28
"402",76.28,0.63,0.29,1,0.05,0,0.28
"403",76.46,0.63,0.29,1,0.05,0,0.28
"404",76.65,0.63,0.29,1,0.05,0,0.28
"405",76.83,0.63,0.29,1,0.05,0,0.28
"406",77.02,0.63,0.29,1,0.05,0,0.28
"407",77.2,0.63,0.29,1,0.05,0,0.28
"408",77.39,0.63,0.29,1,0.05,0,0.28
"409",77.57,0.63,0.29,1,0.05,0,0.28
"410",77.76,0.63,0.29,1,0.05,0,0.28
"411",77.94,0.63,0.29,1,0.05,0,0.28
"412",78.13,0.63,0.29,1,0.05,0,0.28
"413",78.32,0.63,0.29,1,0.05,0,0.28
"414",78.5,0.63,0.29,1,0.05,0,0.28
"415",78.69,0.63,0.28,1,0.05,0,0.28
"416",78.87,0.63,0.28,1,0.05,0,0.28
"417",79.06,0.63,0.28,1,0.05,0,0.28
"418",79.24,0.63,0.28,1,0.05,0,0.28
"419",79.43,0.63,0.28,1,0.05,0,0.28
"420",79.61,0.62,0.28,1,0.05,0,0.28
"421",79.8,0.62,0.28,1,0.05,0,0.28
"422",79.98,0.62,0.28,1,0.05,0,0.28
"423",80.17,0.62,0.28,1,0.05,0,0.28
"424",80.35,0.62,0.28,1,0.05,0,0.28
"425",80.54,0.62,0.28,1,0.05,0,0.28
"426",80.72,0.62,0.28,1,0.05,0,0.28
"427",80.91,0.62,0.28,1,0.05,0,0.28
"428",81.09,0.62,0.28,1,0.05,0,0.28
"429",81.28,0.62,0.28,1,0.05,0,0.28
"430",81.46,0.62,0.28,1,0.05,0,0.28
"431",81.65,0.62,0.28,1,0.05,0,0.28
"432",81.83,0.62,0.28,1,0.05,0,0.28
"433",82.02,0.62,0.28,1,0.05,0,0.28
"434",82.21,0.62,0.28,1,0.05,0,0.28
"435",82.39,0.62,0.28,1,0.05,0,0.28
"436",82.58,0.62,0.27,1,0.05,0,0.28
"437",82.76,0.62,0.27,1,0.05,0,0.28
"438",82.95,0.62,0.27,1,0.05,0,0.28
"439",83.13,0.62,0.27,1,0.05,0,0.28
"440",83.32,0.62,0.27,1,0.05,0,0.28
"441",83.5,0.62,0.27,1,0.05,0,0.28
"442",83.69,0.62,0.27,1,0.05,0,0.28
"443",83.87,0.62,0.27,1,0.05,0,0.28
"444",84.06,0.62,0.27,1,0.05,0,0.28
"445",84.24,0.62,0.27,1,0.05,0,0.28
"446",84.43,0.62,0.27,1,0.05,0,0.28
"447",84.61,0.62,0.27,1,0.05,0,0.28
"448",84.8,0.62,0.27,1,0.05,0,0.28
"449",84.98,0.62,0.27,1,0.05,0,0.28
"450",85.17,0.62,0.27,1,0.05,0,0.28
"451",85.35,0.62,0.27,1,0.05,0,0.28
"452",85.54,0.62,0.27,1,0.05,0,0.28
"453",85.72,0.62,0.27,1,0.05,0,0.28
"454",85.91,0.62,0.27,1,0.05,0,0.28
"455",86.1,0.62,0.26,1,0.05,0,0.28
"456",86.28,0.62,0.26,1,0.05,0,0.28
"457",86.47,0.62,0.26,1,0.05,0,0.28
"458",86.65,0.62,0.26,1,0.05,0,0.28
"459",86.84,0.62,0.26,1,0.05,0,0.28
"460",87.02,0.62,0.26,1,0.05,0,0.28
"461",87.21,0.62,0.26,1,0.05,0,0.28
"462",87.39,0.62,0.26,1,0.04,0,0.28
"463",87.58,0.62,0.26,1,0.04,0,0.28
"464",87.76,0.62,0.26,1,0.04,0,0.28
"465",87.95,0.62,0.26,1,0.04,0,0.28
"466",88.13,0.62,0.26,1,0.04,0,0.28
"467",88.32,0.62,0.26,1,0.04,0,0.28
"468",88.5,0.62,0.26,1,0.04,0,0.28
"469",88.69,0.62,0.26,1,0.04,0,0.28
"470",88.87,0.62,0.26,1,0.04,0,0.28
"471",89.06,0.62,0.26,1,0.04,0,0.28
"472",89.24,0.62,0.26,1,0.04,0,0.28
"473",89.43,0.62,0.26,1,0.04,0,0.28
"474",89.61,0.62,0.26,1,0.04,0,0.28
"475",89.8,0.62,0.26,1,0.04,0,0.28
"476",89.98,0.62,0.26,1,0.04,0,0.28
"477",90.17,0.62,0.26,1,0.04,0,0.28
"478",90.36,0.62,0.25,1,0.04,0,0.28
"479",90.54,0.62,0.25,1,0.04,0,0.28
"480",90.73,0.62,0.25,1,0.04,0,0.28
"481",90.91,0.62,0.25,1,0.04,0,0.28
"482",91.1,0.62,0.25,1,0.04,0,0.27
"483",91.28,0.62,0.25,1,0.04,0,0.27
"484",91.47,0.62,0.25,1,0.04,0,0.27
"485",91.65,0.62,0.25,1,0.04,0,0.27
"486",91.84,0.62,0.25,1,0.04,0,0.27
"487",92.02,0.62,0.25,1,0.04,0,0.27
"488",92.21,0.62,0.25,1,0.04,0,0.27
"489",92.39,0.62,0.25,1,0.04,0,0.27
"490",92.58,0.62,0.25,1,0.04,0,0.27
"491",92.76,0.62,0.25,1,0.04,0,0.27
"492",92.95,0.62,0.25,1,0.04,0,0.27
"493",93.13,0.62,0.25,1,0.04,0,0.27
"494",93.32,0.61,0.25,1,0.04,0,0.27
"495",93.5,0.61,0.25,1,0.04,0,0.27
"496",93.69,0.61,0.25,1,0.04,0,0.27
"497",93.87,0.61,0.25,1,0.04,0,0.27
"498",94.06,0.61,0.24,1,0.04,0,0.27
"499",94.25,0.61,0.24,1,0.04,0,0.27
"500",94.43,0.61,0.24,1,0.04,0,0.27
"501",94.62,0.61,0.24,1,0.04,0,0.27
"502",94.8,0.61,0.24,1,0.04,0,0.27
"503",94.99,0.61,0.24,1,0.04,0,0.27
"504",95.17,0.61,0.24,1,0.04,0,0.27
"505",95.36,0.61,0.24,1,0.04,0,0.27
"506",95.54,0.61,0.24,1,0.04,0,0.27
"507",95.73,0.61,0.24,1,0.04,0,0.27
"508",95.91,0.61,0.24,1,0.04,0,0.27
"509",96.1,0.61,0.24,1,0.04,0,0.27
"510",96.28,0.61,0.24,1,0.04,0,0.27
"511",96.47,0.61,0.24,1,0.04,0,0.27
"512",96.65,0.61,0.24,1,0.04,0,0.27
"513",96.84,0.61,0.24,1,0.04,0,0.27
"514",97.02,0.61,0.24,1,0.04,0,0.27
"515",97.21,0.61,0.24,1,0.04,0,0.27
"516",97.39,0.61,0.24,1,0.04,0,0.27
"517",97.58,0.61,0.24,1,0.04,0,0.27
"518",97.76,0.61,0.24,1,0.04,0,0.27
"519",97.95,0.61,0.24,1,0.04,0,0.27
"520",98.14,0.61,0.24,1,0.04,0,0.27
"521",98.32,0.61,0.24,1,0.04,0,0.27
"522",98.51,0.61,0.23,1,0.04,0,0.27
"523",98.69,0.61,0.23,1,0.04,0,0.27
"524",98.88,0.61,0.23,1,0.04,0,0.27
"525",99.06,0.61,0.23,1,0.04,0,0.27
"526",99.25,0.61,0.23,1,0.04,0,0.27
"527",99.43,0.61,0.23,1,0.04,0,0.27
"528",99.62,0.61,0.23,1,0.04,0,0.27
"529",99.8,0.61,0.23,1,0.04,0,0.27
"530",99.99,0.61,0.23,1,0.04,0,0.27
"531",100.17,0.61,0.23,1,0.04,0,0.27
"532",100.36,0.61,0.23,1,0.04,0,0.27
"533",100.54,0.61,0.23,1,0.04,0,0.27
"534",100.73,0.61,0.23,1,0.04,0,0.27
"535",100.91,0.61,0.22,1,0.04,0,0.27
"536",101.1,0.61,0.22,1,0.04,0,0.27
"537",101.28,0.61,0.22,1,0.04,0,0.27
"538",101.47,0.61,0.22,1,0.04,0,0.27
"539",101.65,0.61,0.22,1,0.04,0,0.27
"540",101.84,0.61,0.22,1,0.04,0,0.27
"541",102.03,0.61,0.22,1,0.04,0,0.27
"542",102.21,0.61,0.22,1,0.04,0,0.27
"543",102.4,0.61,0.22,1,0.04,0,0.27
"544",102.58,0.61,0.22,1,0.04,0,0.27
"545",102.77,0.61,0.22,1,0.04,0,0.27
"546",102.95,0.61,0.22,1,0.04,0,0.27
"547",103.14,0.61,0.22,1,0.04,0,0.27
"548",103.32,0.61,0.22,1,0.04,0,0.27
"549",103.51,0.61,0.22,1,0.04,0,0.27
"550",103.69,0.61,0.22,1,0.04,0,0.27
"551",103.88,0.61,0.22,1,0.04,0,0.27
"552",104.06,0.61,0.22,1,0.04,0,0.27
"553",104.25,0.61,0.22,1,0.04,0,0.27
"554",104.43,0.61,0.22,1,0.04,0,0.27
"555",104.62,0.61,0.22,1,0.04,0,0.27
"556",104.8,0.61,0.22,1,0.04,0,0.27
"557",104.99,0.61,0.22,1,0.04,0,0.27
"558",105.17,0.61,0.22,1,0.04,0,0.27
"559",105.36,0.61,0.21,1,0.04,0,0.27
"560",105.54,0.61,0.21,1,0.04,0,0.27
"561",105.73,0.61,0.21,1,0.04,0,0.27
"562",105.91,0.61,0.21,1,0.04,0,0.27
"563",106.1,0.61,0.21,1,0.04,0,0.27
"564",106.29,0.61,0.21,1,0.04,0,0.27
"565",106.47,0.61,0.21,1,0.04,0,0.27
"566",106.66,0.61,0.21,1,0.04,0,0.27
"567",106.84,0.61,0.21,1,0.04,0,0.27
"568",107.03,0.61,0.21,1,0.04,0,0.27
"569",107.21,0.61,0.21,1,0.04,0,0.27
"570",107.4,0.61,0.21,1,0.04,0,0.27
"571",107.58,0.61,0.21,1,0.04,0,0.27
"572",107.77,0.61,0.21,1,0.04,0,0.27
"573",107.95,0.61,0.21,1,0.04,0,0.27
"574",108.14,0.61,0.21,1,0.04,0,0.27
"575",108.32,0.61,0.21,1,0.04,0,0.27
"576",108.51,0.61,0.21,1,0.04,0,0.27
"577",108.69,0.61,0.21,1,0.04,0,0.27
"578",108.88,0.61,0.21,1,0.04,0,0.27
"579",109.06,0.6,0.21,1,0.04,0,0.27
"580",109.25,0.6,0.21,1,0.04,0,0.27
"581",109.43,0.6,0.21,1,0.04,0,0.27
"582",109.62,0.6,0.21,1,0.04,0,0.27
"583",109.8,0.6,0.21,1,0.04,0,0.27
"584",109.99,0.6,0.21,1,0.04,0,0.27
"585",110.18,0.6,0.21,1,0.04,0,0.27
"586",110.36,0.6,0.21,1,0.04,0,0.27
"587",110.55,0.6,0.21,1,0.04,0,0.27
"588",110.73,0.6,0.2,1,0.04,0,0.27
"589",110.92,0.6,0.2,1,0.04,0,0.27
"590",111.1,0.6,0.2,1,0.04,0,0.27
"591",111.29,0.6,0.2,1,0.04,0,0.27
"592",111.47,0.6,0.2,1,0.04,0,0.27
"593",111.66,0.6,0.2,1,0.04,0,0.27
"594",111.84,0.6,0.2,1,0.04,0,0.27
"595",112.03,0.6,0.2,1,0.04,0,0.27
"596",112.21,0.6,0.2,1,0.04,0,0.27
"597",112.4,0.6,0.2,1,0.04,0,0.27
"598",112.58,0.6,0.2,1,0.04,0,0.27
"599",112.77,0.6,0.2,1,0.04,0,0.27
"600",112.95,0.6,0.2,1,0.04,0,0.27
"601",113.14,0.6,0.2,1,0.04,0,0.27
"602",113.32,0.6,0.2,1,0.04,0,0.27
"603",113.51,0.6,0.2,1,0.04,0,0.27
"604",113.69,0.6,0.2,1,0.04,0,0.27
"605",113.88,0.6,0.2,1,0.04,0,0.27
"606",114.07,0.6,0.2,1,0.04,0,0.27
"607",114.25,0.6,0.2,1,0.04,0,0.27
"608",114.44,0.6,0.2,1,0.04,0,0.27
"609",114.62,0.6,0.2,1,0.04,0,0.27
"610",114.81,0.6,0.2,1,0.04,0,0.27
"611",114.99,0.6,0.2,1,0.04,0,0.27
"612",115.18,0.6,0.19,1,0.04,0,0.27
"613",115.36,0.6,0.19,1,0.04,0,0.27
"614",115.55,0.6,0.19,1,0.04,0,0.27
"615",115.73,0.6,0.19,1,0.04,0,0.27
"616",115.92,0.6,0.19,1,0.04,0,0.27
"617",116.1,0.6,0.19,1,0.04,0,0.27
"618",116.29,0.6,0.19,1,0.04,0,0.27
"619",116.47,0.6,0.19,1,0.04,0,0.27
"620",116.66,0.6,0.19,1,0.04,0,0.27
"621",116.84,0.6,0.19,1,0.04,0,0.27
"622",117.03,0.6,0.19,1,0.04,0,0.27
"623",117.21,0.6,0.19,1,0.04,0,0.27
"624",117.4,0.6,0.19,1,0.04,0,0.27
"625",117.58,0.6,0.19,1,0.04,0,0.26
"626",117.77,0.6,0.19,1,0.04,0,0.26
"627",117.95,0.6,0.19,1,0.04,0,0.26
"628",118.14,0.6,0.19,1,0.04,0,0.26
"629",118.33,0.6,0.19,1,0.04,0,0.26
"630",118.51,0.6,0.19,1,0.04,0,0.26
"631",118.7,0.6,0.19,1,0.04,0,0.26
"632",118.88,0.6,0.19,1,0.04,0,0.26
"633",119.07,0.6,0.19,1,0.04,0,0.26
"634",119.25,0.6,0.19,1,0.04,0,0.26
"635",119.44,0.6,0.19,1,0.04,0,0.26
"636",119.62,0.6,0.19,1,0.04,0,0.26
"637",119.81,0.6,0.19,1,0.04,0,0.26
"638",119.99,0.6,0.19,1,0.04,0,0.26
"639",120.18,0.6,0.19,1,0.04,0,0.26
"640",120.36,0.6,0.19,1,0.04,0,0.26
"641",120.55,0.6,0.19,1,0.04,0,0.26
"642",120.73,0.6,0.19,1,0.04,0,0.26
"643",120.92,0.6,0.18,1,0.04,0,0.26
"644",121.1,0.6,0.18,1,0.04,0,0.26
"645",121.29,0.6,0.18,1,0.04,0,0.26
"646",121.47,0.6,0.18,1,0.04,0,0.26
"647",121.66,0.6,0.18,1,0.04,0,0.26
"648",121.84,0.6,0.18,1,0.04,0,0.26
"649",122.03,0.6,0.18,1,0.04,0,0.26
"650",122.22,0.6,0.18,1,0.04,0,0.26
"651",122.4,0.6,0.18,1,0.04,0,0.26
"652",122.59,0.6,0.18,1,0.04,0,0.26
"653",122.77,0.6,0.18,1,0.04,0,0.26
"654",122.96,0.6,0.18,1,0.04,0,0.26
"655",123.14,0.6,0.18,1,0.04,0,0.26
"656",123.33,0.6,0.18,1,0.04,0,0.26
"657",123.51,0.6,0.18,1,0.04,0,0.26
"658",123.7,0.6,0.18,1,0.04,0,0.26
"659",123.88,0.6,0.18,1,0.04,0,0.26
"660",124.07,0.6,0.18,1,0.04,0,0.26
"661",124.25,0.6,0.18,1,0.04,0,0.26
"662",124.44,0.6,0.18,1,0.04,0,0.26
"663",124.62,0.6,0.18,1,0.04,0,0.26
"664",124.81,0.6,0.18,1,0.04,0,0.26
"665",124.99,0.6,0.18,1,0.04,0,0.26
"666",125.18,0.6,0.18,1,0.04,0,0.26
"667",125.36,0.6,0.18,1,0.04,0,0.26
"668",125.55,0.6,0.18,1,0.04,0,0.26
"669",125.73,0.6,0.18,1,0.04,0,0.26
"670",125.92,0.6,0.17,1,0.04,0,0.26
"671",126.11,0.6,0.17,1,0.04,0,0.26
"672",126.29,0.6,0.17,1,0.04,0,0.26
"673",126.48,0.59,0.17,1,0.04,0,0.26
"674",126.66,0.59,0.17,1,0.04,0,0.26
"675",126.85,0.59,0.17,1,0.04,0,0.26
"676",127.03,0.59,0.17,1,0.04,0,0.26
"677",127.22,0.59,0.17,1,0.04,0,0.26
"678",127.4,0.59,0.17,1,0.04,0,0.26
"679",127.59,0.59,0.17,1,0.04,0,0.26
"680",127.77,0.59,0.17,1,0.04,0,0.26
"681",127.96,0.59,0.17,1,0.04,0,0.26
"682",128.14,0.59,0.17,1,0.04,0,0.26
"683",128.33,0.59,0.17,1,0.04,0,0.26
"684",128.51,0.59,0.17,1,0.04,0,0.26
"685",128.7,0.59,0.17,1,0.04,0,0.26
"686",128.88,0.59,0.17,1,0.04,0,0.26
"687",129.07,0.59,0.17,1,0.04,0,0.26
"688",129.25,0.59,0.17,1,0.04,0,0.26
"689",129.44,0.59,0.17,1,0.04,0,0.26
"690",129.62,0.59,0.17,1,0.04,0,0.26
"691",129.81,0.59,0.17,1,0.04,0,0.26
"692",129.99,0.59,0.17,1,0.04,0,0.26
"693",130.18,0.59,0.17,1,0.04,0,0.26
"694",130.37,0.59,0.17,1,0.04,0,0.26
"695",130.55,0.59,0.17,1,0.04,0,0.26
"696",130.74,0.59,0.17,1,0.04,0,0.26
"697",130.92,0.59,0.17,1,0.04,0,0.26
"698",131.11,0.59,0.16,1,0.04,0,0.26
"699",131.29,0.59,0.16,1,0.04,0,0.26
"700",131.48,0.59,0.16,1,0.04,0,0.26
"701",131.66,0.59,0.16,1,0.04,0,0.26
"702",131.85,0.59,0.16,1,0.04,0,0.26
"703",132.03,0.59,0.16,1,0.04,0,0.26
"704",132.22,0.59,0.16,1,0.04,0,0.26
"705",132.4,0.59,0.16,1,0.04,0,0.26
"706",132.59,0.59,0.16,1,0.04,0,0.26
"707",132.77,0.59,0.16,1,0.04,0,0.26
"708",132.96,0.59,0.16,1,0.04,0,0.26
"709",133.14,0.59,0.16,1,0.04,0,0.26
"710",133.33,0.59,0.16,1,0.04,0,0.26
"711",133.51,0.59,0.16,1,0.04,0,0.26
"712",133.7,0.59,0.16,1,0.04,0,0.26
"713",133.88,0.59,0.16,1,0.04,0,0.26
"714",134.07,0.59,0.16,1,0.04,0,0.26
"715",134.26,0.59,0.16,1,0.04,0,0.26
"716",134.44,0.59,0.16,1,0.04,0,0.26
"717",134.63,0.59,0.16,1,0.04,0,0.26
"718",134.81,0.59,0.16,1,0.04,0,0.26
"719",135,0.59,0.16,1,0.04,0,0.26
"720",135.18,0.59,0.16,1,0.04,0,0.26
"721",135.37,0.59,0.16,1,0.04,0,0.26
"722",135.55,0.59,0.16,1,0.04,0,0.26
"723",135.74,0.59,0.16,1,0.04,0,0.26
"724",135.92,0.59,0.15,1,0.04,0,0.26
"725",136.11,0.59,0.15,1,0.04,0,0.26
"726",136.29,0.59,0.15,1,0.04,0,0.26
"727",136.48,0.59,0.15,1,0.04,0,0.26
"728",136.66,0.59,0.15,1,0.04,0,0.26
"729",136.85,0.59,0.15,1,0.04,0,0.26
"730",137.03,0.59,0.15,1,0.04,0,0.26
"731",137.22,0.59,0.15,1,0.04,0,0.26
"732",137.4,0.59,0.15,1,0.04,0,0.26
"733",137.59,0.59,0.15,1,0.04,0,0.26
"734",137.77,0.59,0.15,1,0.04,0,0.26
"735",137.96,0.59,0.15,1,0.04,0,0.26
"736",138.15,0.59,0.15,1,0.04,0,0.26
"737",138.33,0.59,0.15,1,0.04,0,0.26
"738",138.52,0.59,0.15,1,0.04,0,0.26
"739",138.7,0.59,0.15,1,0.04,0,0.26
"740",138.89,0.59,0.15,1,0.04,0,0.26
"741",139.07,0.59,0.15,1,0.04,0,0.26
"742",139.26,0.59,0.15,1,0.04,0,0.26
"743",139.44,0.59,0.15,1,0.04,0,0.26
"744",139.63,0.59,0.15,1,0.04,0,0.26
"745",139.81,0.59,0.15,1,0.04,0,0.26
"746",140,0.59,0.15,1,0.04,0,0.26
"747",140.18,0.59,0.15,1,0.04,0,0.26
"748",140.37,0.59,0.15,1,0.04,0,0.26
"749",140.55,0.59,0.15,1,0.04,0,0.26
"750",140.74,0.59,0.15,1,0.04,0,0.26
"751",140.92,0.59,0.15,1,0.04,0,0.26
"752",141.11,0.59,0.15,1,0.04,0,0.26
"753",141.29,0.59,0.15,1,0.04,0,0.26
"754",141.48,0.59,0.15,1,0.04,0,0.26
"755",141.66,0.59,0.15,1,0.04,0,0.26
"756",141.85,0.59,0.15,1,0.04,0,0.26
"757",142.04,0.59,0.15,1,0.04,0,0.26
"758",142.22,0.59,0.15,1,0.04,0,0.26
"759",142.41,0.59,0.15,1,0.04,0,0.26
"760",142.59,0.59,0.15,1,0.04,0,0.26
"761",142.78,0.59,0.14,1,0.04,0,0.26
"762",142.96,0.59,0.14,1,0.04,0,0.26
"763",143.15,0.59,0.14,1,0.04,0,0.26
"764",143.33,0.59,0.14,1,0.04,0,0.26
"765",143.52,0.59,0.14,1,0.04,0,0.26
"766",143.7,0.59,0.14,1,0.04,0,0.26
"767",143.89,0.59,0.14,1,0.04,0,0.26
"768",144.07,0.59,0.14,1,0.04,0,0.26
"769",144.26,0.59,0.14,1,0.04,0,0.26
"770",144.44,0.59,0.14,1,0.04,0,0.26
"771",144.63,0.59,0.14,1,0.04,0,0.26
"772",144.81,0.59,0.14,1,0.04,0,0.26
"773",145,0.59,0.14,1,0.04,0,0.26
"774",145.18,0.59,0.14,1,0.04,0,0.26
"775",145.37,0.59,0.14,1,0.04,0,0.26
"776",145.55,0.59,0.14,1,0.04,0,0.26
"777",145.74,0.59,0.14,1,0.04,0,0.26
"778",145.92,0.59,0.14,1,0.04,0,0.26
"779",146.11,0.59,0.14,1,0.04,0,0.26
"780",146.3,0.59,0.14,1,0.04,0,0.26
"781",146.48,0.59,0.14,1,0.04,0,0.26
"782",146.67,0.59,0.14,1,0.04,0,0.26
"783",146.85,0.58,0.14,1,0.04,0,0.26
"784",147.04,0.58,0.14,1,0.04,0,0.26
"785",147.22,0.58,0.14,1,0.04,0,0.26
"786",147.41,0.58,0.14,1,0.04,0,0.26
"787",147.59,0.58,0.14,1,0.04,0,0.26
"788",147.78,0.58,0.14,1,0.04,0,0.26
"789",147.96,0.58,0.14,1,0.04,0,0.26
"790",148.15,0.58,0.14,1,0.04,0,0.26
"791",148.33,0.58,0.14,1,0.04,0,0.26
"792",148.52,0.58,0.13,1,0.04,0,0.26
"793",148.7,0.58,0.13,1,0.04,0,0.26
"794",148.89,0.58,0.13,1,0.04,0,0.26
"795",149.07,0.58,0.13,1,0.04,0,0.26
"796",149.26,0.58,0.13,1,0.04,0,0.26
"797",149.44,0.58,0.13,1,0.04,0,0.26
"798",149.63,0.58,0.13,1,0.04,0,0.26
"799",149.81,0.58,0.13,1,0.04,0,0.26
"800",150,0.58,0.13,1,0.04,0,0.26
